result_0p0200_0p4000_0p0002_3000_5000_3 = [
-195664 0.0 0.0 0.00
-189532 0.0 0.0 0.00
-183316 0.0 0.0 0.00
-177212 0.0 0.0 0.00
-171012 0.0 0.0 0.00
-164916 0.0 0.0 0.00
-158652 0.0 0.0 0.00
-152640 0.0 0.0 0.00
-146452 0.0 0.0 0.00
-140364 0.0 0.0 0.00
-134172 0.0 0.0 0.00
-128068 0.0 0.0 0.00
-121872 0.0 0.0 0.00
-115768 0.0 0.0 0.00
-109664 0.0 0.0 0.00
-103464 0.0 0.0 0.00
-97360 0.0 0.0 0.00
-91212 0.0 0.0 0.00
-85068 0.0 0.0 0.00
-78920 0.0 0.0 0.00
-73820 0.0 0.0 0.00
-67680 0.0 0.0 0.00
-61456 0.0 0.0 0.00
-55328 0.0 0.0 0.00
-49204 0.0 0.0 0.00
-43076 0.0 0.0 0.00
-36952 0.0 0.0 0.00
-30652 0.0 0.0 0.00
-24524 0.0 0.0 0.00
-18476 0.0 0.0 0.00
-12348 0.0 0.0 0.00
-6220 0.0 0.0 0.00
-48 0.0 0.0 0.00
6196 0.0 0.0 0.00
12372 0.0 0.0 0.00
18516 0.0 0.0 0.00
24764 1.0 0.0 0.02
30824 2.0 0.0 0.04
36780 3.0 0.0 0.05
43024 4.0 0.0 0.10
49248 5.0 0.0 0.13
54444 7.0 0.0 0.19
60544 8.0 1.0 0.20
66656 10.0 2.0 0.14
72888 12.0 3.0 0.18
78952 15.0 5.0 0.23
84900 17.0 7.0 0.22
91176 20.0 11.0 0.25
97404 23.0 14.0 0.38
103524 26.0 19.0 0.16
109692 29.0 23.0 0.25
115884 32.0 28.0 0.22
122040 36.0 34.0 0.09
128196 40.0 39.0 0.07
134368 44.0 45.0 0.03
140208 48.0 50.0 0.03
146460 52.0 55.0 0.10
152512 57.0 61.0 -0.05
158804 62.0 66.0 -0.06
164848 67.0 70.0 -0.07
171064 72.0 75.0 0.05
177252 77.0 80.0 0.04
182400 82.0 83.0 0.10
188604 87.0 88.0 -0.03
194468 93.0 92.0 -0.01
200808 99.0 96.0 0.15
206952 105.0 101.0 0.08
212932 112.0 105.0 0.16
219164 118.0 110.0 0.20
225192 125.0 114.0 0.26
231404 132.0 121.0 0.43
237628 139.0 127.0 0.36
243644 147.0 134.0 0.39
249868 154.0 142.0 0.32
255920 162.0 151.0 0.35
262192 170.0 160.0 0.23
268384 178.0 170.0 0.42
274664 186.0 181.0 0.18
280740 195.0 191.0 0.27
286804 203.0 203.0 0.09
293076 212.0 214.0 0.05
299184 221.0 225.0 0.10
305088 230.0 236.0 -0.03
310388 238.0 245.0 0.11
316640 248.0 256.0 -0.13
322768 258.0 266.0 -0.05
328936 268.0 276.0 -0.07
335100 278.0 286.0 -0.19
340916 288.0 295.0 -0.08
347232 299.0 305.0 -0.07
353460 310.0 314.0 0.05
359536 320.0 322.0 -0.02
365764 332.0 331.0 0.04
371608 343.0 339.0 0.07
377828 354.0 348.0 0.14
384024 366.0 357.0 0.34
390224 378.0 366.0 0.32
396216 390.0 375.0 0.30
402428 402.0 385.0 0.50
408644 415.0 397.0 0.58
414672 427.0 408.0 0.41
420904 440.0 421.0 0.57
426928 453.0 435.0 0.60
433176 466.0 450.0 0.52
438228 477.0 463.0 0.60
444492 491.0 479.0 0.39
450560 505.0 497.0 0.33
456612 518.0 514.0 0.38
462884 533.0 532.0 0.21
468980 547.0 550.0 0.13
475100 561.0 568.0 0.15
481240 576.0 586.0 -0.05
487336 591.0 603.0 -0.12
493556 606.0 621.0 -0.22
499764 621.0 638.0 -0.17
505768 636.0 654.0 -0.23
511976 652.0 670.0 -0.28
518180 668.0 685.0 -0.22
524512 684.0 699.0 -0.03
530340 700.0 713.0 -0.21
536528 716.0 726.0 -0.28
542724 733.0 739.0 -0.14
548880 750.0 751.0 0.05
554980 766.0 763.0 0.03
561256 784.0 775.0 0.14
566396 798.0 785.0 0.43
572624 816.0 798.0 0.33
578500 833.0 810.0 0.55
584752 851.0 824.0 0.60
590764 869.0 838.0 0.63
597020 887.0 855.0 0.76
603296 906.0 873.0 0.86
609420 924.0 891.0 1.00
615676 943.0 913.0 0.88
621504 960.0 934.0 0.74
627780 979.0 958.0 0.64
634056 998.0 982.0 0.54
640044 1016.0 1006.0 0.42
646160 1034.0 1031.0 0.08
652256 1053.0 1055.0 0.06
658636 1072.0 1081.0 0.02
664768 1090.0 1105.0 -0.15
670964 1108.0 1129.0 -0.32
677144 1127.0 1151.0 -0.34
683320 1146.0 1174.0 -0.58
689460 1164.0 1194.0 -0.59
694192 1179.0 1209.0 -0.66
700616 1198.0 1228.0 -0.62
706716 1216.0 1244.0 -0.67
712672 1234.0 1259.0 -0.57
718744 1252.0 1273.0 -0.43
725124 1271.0 1287.0 -0.40
731196 1290.0 1299.0 -0.31
737400 1308.0 1311.0 0.14
743732 1327.0 1323.0 -0.02
749688 1345.0 1334.0 0.14
755920 1363.0 1346.0 0.30
762156 1382.0 1358.0 0.39
767960 1400.0 1370.0 0.62
774216 1419.0 1384.0 0.83
780632 1437.0 1399.0 1.00
786608 1455.0 1416.0 0.94
792896 1474.0 1435.0 0.93
798916 1492.0 1455.0 0.98
804788 1510.0 1477.0 1.00
811128 1529.0 1501.0 0.78
817180 1548.0 1525.0 0.66
822612 1563.0 1547.0 0.79
828660 1582.0 1573.0 0.28
834716 1600.0 1598.0 0.24
840620 1618.0 1623.0 0.04
847036 1637.0 1650.0 -0.17
853220 1655.0 1675.0 -0.38
859384 1674.0 1699.0 -0.43
865520 1692.0 1722.0 -0.35
871660 1710.0 1743.0 -0.55
877784 1729.0 1763.0 -0.65
883884 1747.0 1781.0 -0.73
889976 1765.0 1797.0 -0.67
895912 1784.0 1812.0 -0.66
902272 1803.0 1826.0 -0.51
908468 1821.0 1838.0 -0.25
914384 1839.0 1850.0 -0.39
920740 1858.0 1862.0 -0.15
926664 1876.0 1873.0 -0.14
932944 1895.0 1883.0 0.07
939172 1913.0 1894.0 0.24
945096 1931.0 1905.0 0.48
950412 1947.0 1915.0 0.82
956648 1966.0 1928.0 0.89
962468 1983.0 1942.0 0.89
968768 2002.0 1959.0 1.00
974768 2020.0 1977.0 0.98
981108 2039.0 1998.0 1.00
987156 2057.0 2020.0 1.00
993192 2076.0 2043.0 0.96
999528 2095.0 2069.0 0.74
1005592 2113.0 2094.0 0.50
1011724 2131.0 2120.0 0.24
1017856 2150.0 2147.0 0.18
1024020 2168.0 2173.0 -0.08
1030200 2187.0 2199.0 -0.17
1036512 2205.0 2225.0 0.02
1042724 2224.0 2250.0 -0.46
1048924 2242.0 2274.0 -0.65
1054668 2260.0 2295.0 -0.64
1060832 2278.0 2314.0 -0.68
1066984 2297.0 2333.0 -0.75
1073124 2315.0 2349.0 -0.81
1078168 2330.0 2361.0 -0.62
1084580 2350.0 2375.0 -0.59
1090684 2368.0 2387.0 -0.51
1096636 2386.0 2398.0 -0.46
1103032 2405.0 2410.0 -0.20
1109104 2423.0 2420.0 -0.02
1115440 2442.0 2431.0 0.06
1121400 2460.0 2441.0 0.40
1127660 2479.0 2451.0 0.60
1133488 2496.0 2462.0 0.76
1139768 2515.0 2475.0 0.88
1145792 2533.0 2490.0 0.86
1152156 2552.0 2507.0 1.00
1158100 2570.0 2525.0 1.00
1164624 2589.0 2546.0 1.00
1170728 2608.0 2569.0 0.98
1176836 2626.0 2592.0 0.88
1182924 2644.0 2617.0 0.74
1189036 2663.0 2642.0 0.62
1195160 2681.0 2669.0 0.34
1201280 2699.0 2695.0 0.18
1206512 2715.0 2717.0 0.56
1212756 2734.0 2743.0 0.00
1218516 2751.0 2768.0 -0.24
1224708 2770.0 2793.0 -0.44
1230940 2789.0 2818.0 -0.52
1237144 2807.0 2840.0 -0.61
1243328 2826.0 2861.0 -0.73
1249492 2844.0 2880.0 -0.55
1255644 2862.0 2897.0 -0.82
1261776 2881.0 2912.0 -0.71
1267892 2899.0 2926.0 -0.60
1273988 2918.0 2939.0 -0.64
1279952 2936.0 2950.0 -0.49
1286340 2955.0 2962.0 -0.24
1292416 2973.0 2972.0 0.04
1298716 2992.0 2983.0 0.01
1304524 3010.0 2993.0 0.13
1310776 3028.0 3003.0 0.37
1317032 3047.0 3015.0 0.60
1323296 3065.0 3027.0 0.84
1329284 3083.0 3041.0 0.92
1334392 3099.0 3053.0 1.00
1340760 3118.0 3071.0 1.00
1346824 3136.0 3090.0 1.00
1352912 3154.0 3111.0 1.00
1359016 3173.0 3134.0 0.98
1364948 3191.0 3158.0 0.90
1371340 3210.0 3185.0 0.74
1377428 3228.0 3210.0 0.76
1383540 3246.0 3236.0 0.30
1389488 3264.0 3262.0 0.20
1395612 3283.0 3289.0 0.12
1401784 3301.0 3315.0 -0.07
1407976 3320.0 3341.0 -0.25
1414148 3338.0 3366.0 -0.67
1420508 3357.0 3391.0 -0.31
1426692 3376.0 3414.0 -0.88
1432860 3394.0 3434.0 -0.91
1439008 3413.0 3452.0 -0.89
1445132 3431.0 3468.0 -0.84
1451240 3449.0 3482.0 -0.74
1457324 3468.0 3495.0 -0.69
1462480 3483.0 3505.0 -0.55
1468560 3501.0 3515.0 -0.43
1474496 3519.0 3525.0 -0.34
1480876 3539.0 3535.0 -0.15
1486944 3556.0 3545.0 0.07
1493188 3575.0 3554.0 0.32
1499432 3594.0 3564.0 0.46
1505244 3612.0 3574.0 0.62
1511524 3631.0 3586.0 0.91
1517552 3649.0 3600.0 1.00
1523876 3668.0 3617.0 1.00
1529800 3685.0 3634.0 1.00
1536188 3705.0 3655.0 1.00
1542272 3722.0 3676.0 1.00
1548248 3741.0 3699.0 1.00
1554364 3759.0 3723.0 0.92
1560772 3778.0 3750.0 0.78
1566880 3796.0 3776.0 0.50
1572980 3814.0 3802.0 0.44
1578952 3833.0 3829.0 0.24
1585084 3851.0 3855.0 0.04
1590604 3867.0 3878.0 0.22
1596368 3885.0 3903.0 -0.27
1602604 3904.0 3929.0 -0.39
1608812 3922.0 3953.0 -0.58
1615004 3941.0 3975.0 -0.75
1621176 3959.0 3995.0 -0.68
1627332 3978.0 4014.0 -0.67
1633472 3996.0 4031.0 -0.58
1639596 4014.0 4046.0 -0.76
1645700 4033.0 4059.0 -0.61
1651652 4051.0 4072.0 -0.59
1658036 4070.0 4084.0 -0.48
1664108 4088.0 4094.0 -0.22
1670492 4107.0 4105.0 -0.06
1676508 4125.0 4115.0 0.22
1682760 4144.0 4126.0 0.21
1688720 4162.0 4135.0 0.55
1694976 4181.0 4147.0 0.67
1700812 4198.0 4159.0 0.71
1707136 4217.0 4173.0 1.00
1713428 4236.0 4189.0 1.00
1718560 4251.0 4204.0 1.00
1724636 4269.0 4223.0 1.00
