result_0p0200_0p1000_0p0002_3000_5000_3 = [
-195568 0.0 0.0 0.00
-189436 0.0 0.0 0.00
-183312 0.0 0.0 0.00
-177208 0.0 0.0 0.00
-171012 0.0 0.0 0.00
-164912 0.0 0.0 0.00
-158652 0.0 0.0 0.00
-152636 0.0 0.0 0.00
-146452 0.0 0.0 0.00
-140368 0.0 0.0 0.00
-134168 0.0 0.0 0.00
-128068 0.0 0.0 0.00
-121868 0.0 0.0 0.00
-115764 0.0 0.0 0.00
-109564 0.0 0.0 0.00
-103460 0.0 0.0 0.00
-97260 0.0 0.0 0.00
-91216 0.0 0.0 0.00
-85064 0.0 0.0 0.00
-78916 0.0 0.0 0.00
-73644 0.0 0.0 0.00
-67500 0.0 0.0 0.00
-61452 0.0 0.0 0.00
-55324 0.0 0.0 0.00
-49200 0.0 0.0 0.00
-43072 0.0 0.0 0.00
-36852 0.0 0.0 0.00
-30648 0.0 0.0 0.00
-24596 0.0 0.0 0.00
-18472 0.0 0.0 0.00
-12344 0.0 0.0 0.00
-6224 0.0 0.0 0.00
-44 0.0 0.0 0.00
6200 0.0 0.0 0.00
12376 0.0 0.0 0.00
18520 0.0 0.0 0.00
24776 1.0 0.0 0.02
30840 2.0 0.0 0.04
36800 3.0 0.0 0.04
43048 4.0 0.0 0.08
49184 5.0 1.0 -0.01
54452 7.0 1.0 0.13
60528 8.0 1.0 0.15
66512 10.0 1.0 0.20
72708 12.0 1.0 0.25
78948 15.0 3.0 0.27
84980 17.0 5.0 0.30
91220 20.0 7.0 0.09
97244 23.0 10.0 0.31
103360 26.0 13.0 0.20
109528 29.0 17.0 0.09
115688 32.0 21.0 0.20
121832 36.0 25.0 0.18
127996 40.0 30.0 0.19
134176 44.0 35.0 0.17
140488 48.0 40.0 0.16
146672 52.0 45.0 0.05
152836 57.0 49.0 0.17
158680 62.0 54.0 0.05
164824 67.0 59.0 0.18
170972 72.0 64.0 0.08
177104 77.0 69.0 0.09
182396 82.0 73.0 0.25
188556 87.0 78.0 0.22
194708 93.0 84.0 0.13
200860 99.0 89.0 0.25
207008 105.0 95.0 0.16
213204 112.0 101.0 0.18
219264 118.0 107.0 0.19
225512 125.0 114.0 0.26
231548 132.0 121.0 0.10
237796 139.0 128.0 0.21
243836 147.0 135.0 0.24
250084 154.0 143.0 0.23
256128 162.0 151.0 0.13
262376 170.0 159.0 0.14
268440 178.0 167.0 0.25
274368 186.0 175.0 0.15
280636 195.0 184.0 0.14
286692 203.0 193.0 0.26
292960 212.0 201.0 0.17
299024 221.0 210.0 0.18
305096 231.0 220.0 0.18
310192 238.0 228.0 0.19
316484 248.0 237.0 0.20
322596 258.0 248.0 0.20
328820 268.0 257.0 0.19
334836 278.0 267.0 0.22
341064 288.0 277.0 0.22
347080 299.0 288.0 0.23
353448 310.0 298.0 0.46
359668 321.0 309.0 0.17
365548 332.0 321.0 0.15
371776 343.0 332.0 0.16
377808 354.0 343.0 0.29
384052 366.0 355.0 0.17
390288 378.0 367.0 0.18
396444 390.0 379.0 0.39
402696 402.0 392.0 0.17
408732 415.0 404.0 0.30
414976 427.0 417.0 0.19
421020 440.0 429.0 0.21
426928 453.0 442.0 0.22
433192 466.0 456.0 0.22
438228 477.0 466.0 0.33
444492 491.0 481.0 0.14
450536 504.0 494.0 0.22
456792 519.0 509.0 0.13
462816 532.0 522.0 0.24
469040 547.0 537.0 0.16
475112 561.0 551.0 0.25
481492 576.0 566.0 0.46
487380 591.0 581.0 0.04
493608 606.0 596.0 0.27
499688 621.0 611.0 0.15
505932 637.0 625.0 0.20
511968 652.0 641.0 0.11
518228 668.0 657.0 0.33
524436 684.0 671.0 0.56
530704 700.0 688.0 0.15
536756 716.0 703.0 0.18
542660 733.0 720.0 0.30
548920 750.0 737.0 0.19
554976 766.0 753.0 0.20
561248 784.0 771.0 0.21
566432 798.0 785.0 0.48
572368 815.0 803.0 0.22
578652 833.0 821.0 0.31
584724 851.0 840.0 0.10
590800 869.0 857.0 0.22
597092 888.0 877.0 0.21
603184 905.0 895.0 -0.00
609596 924.0 914.0 0.51
615556 942.0 933.0 0.19
621832 961.0 953.0 0.18
627644 979.0 972.0 0.08
633900 998.0 991.0 -0.06
640188 1017.0 1011.0 0.15
646076 1034.0 1029.0 0.13
652544 1053.0 1048.0 0.44
658580 1071.0 1067.0 0.12
664912 1090.0 1086.0 0.12
670944 1108.0 1104.0 0.12
676832 1126.0 1122.0 0.14
683172 1146.0 1141.0 0.25
689496 1164.0 1159.0 0.15
694580 1179.0 1173.0 0.57
700588 1197.0 1192.0 0.06
706896 1216.0 1210.0 0.28
712892 1234.0 1229.0 0.06
719204 1253.0 1247.0 0.19
725196 1271.0 1265.0 0.19
731056 1289.0 1283.0 0.19
737548 1308.0 1302.0 0.50
743404 1326.0 1321.0 0.20
749720 1345.0 1340.0 0.19
755728 1363.0 1358.0 0.09
762080 1382.0 1377.0 0.17
767948 1400.0 1396.0 0.29
774292 1419.0 1415.0 0.18
780436 1437.0 1434.0 0.46
786764 1456.0 1454.0 0.14
792784 1474.0 1473.0 0.12
798656 1492.0 1492.0 0.12
804948 1511.0 1511.0 0.00
811232 1530.0 1529.0 0.12
817460 1548.0 1548.0 0.00
822488 1563.0 1563.0 0.40
828748 1582.0 1581.0 0.22
834740 1600.0 1599.0 0.12
841044 1619.0 1617.0 0.24
847032 1637.0 1635.0 0.14
853316 1656.0 1653.0 0.17
859316 1673.0 1669.0 0.29
865600 1692.0 1688.0 0.39
871596 1710.0 1705.0 0.31
877488 1728.0 1723.0 0.44
883792 1747.0 1742.0 0.22
889800 1765.0 1761.0 0.22
896108 1784.0 1780.0 0.20
902132 1802.0 1799.0 -0.01
908620 1821.0 1817.0 0.51
914628 1839.0 1836.0 0.09
920932 1858.0 1855.0 0.09
926920 1876.0 1873.0 0.20
933220 1895.0 1892.0 0.10
939216 1913.0 1910.0 0.20
945512 1932.0 1929.0 0.10
950584 1947.0 1945.0 0.38
956592 1965.0 1962.0 0.30
962896 1984.0 1981.0 0.31
968896 2002.0 2000.0 0.19
975208 2021.0 2019.0 0.19
981216 2039.0 2037.0 0.29
987076 2057.0 2056.0 0.29
993532 2076.0 2074.0 0.49
999376 2094.0 2093.0 0.29
1005716 2113.0 2112.0 0.17
1012048 2132.0 2129.0 0.31
1018096 2150.0 2148.0 0.10
1024136 2168.0 2165.0 0.32
1030468 2187.0 2184.0 0.22
1036520 2205.0 2202.0 0.49
1042556 2223.0 2221.0 0.10
1048912 2242.0 2240.0 0.20
1054964 2260.0 2258.0 0.31
1061020 2279.0 2277.0 0.21
1067372 2298.0 2296.0 0.11
1073432 2316.0 2314.0 0.31
1078572 2331.0 2330.0 0.49
1084596 2349.0 2349.0 0.07
1090492 2367.0 2367.0 0.19
1096804 2386.0 2386.0 0.17
1102872 2405.0 2405.0 0.05
1108928 2423.0 2423.0 0.05
1115260 2442.0 2442.0 0.17
1121452 2460.0 2461.0 0.35
1127380 2478.0 2479.0 0.15
1133772 2497.0 2499.0 0.13
1139680 2515.0 2517.0 0.13
1146060 2534.0 2536.0 0.12
1151976 2552.0 2553.0 0.02
1158336 2571.0 2572.0 0.14
1164220 2589.0 2589.0 0.04
1170540 2608.0 2608.0 0.14
1176560 2626.0 2625.0 0.04
1182868 2645.0 2644.0 0.16
1189208 2663.0 2662.0 0.18
1195256 2681.0 2680.0 0.18
1201296 2699.0 2697.0 0.21
1206424 2715.0 2713.0 0.41
1212348 2733.0 2730.0 0.11
1218700 2752.0 2749.0 0.33
1225056 2771.0 2769.0 0.01
1231112 2789.0 2787.0 0.21
1237160 2807.0 2805.0 0.21
1243084 2825.0 2824.0 0.22
1249592 2844.0 2843.0 0.50
1255628 2862.0 2862.0 0.18
1261916 2881.0 2881.0 0.18
1267964 2899.0 2901.0 0.04
1274016 2918.0 2919.0 0.16
1279936 2936.0 2937.0 0.04
1286296 2955.0 2957.0 0.25
1292656 2973.0 2975.0 0.33
1298688 2992.0 2993.0 0.15
1304740 3010.0 3011.0 0.15
1311052 3029.0 3029.0 0.17
1317056 3047.0 3047.0 0.17
1323340 3066.0 3065.0 0.19
1329364 3084.0 3083.0 0.19
1334488 3099.0 3098.0 0.49
1340376 3117.0 3116.0 0.19
1346724 3136.0 3135.0 0.19
1353060 3155.0 3153.0 0.21
1359108 3173.0 3172.0 0.10
1365156 3191.0 3189.0 0.32
1371060 3209.0 3208.0 0.20
1377548 3228.0 3227.0 0.50
1383564 3246.0 3245.0 0.30
1389836 3265.0 3265.0 0.18
1395696 3283.0 3284.0 0.18
1402028 3302.0 3303.0 0.06
1408344 3321.0 3321.0 0.18
1414388 3339.0 3340.0 0.16
1420432 3357.0 3358.0 0.36
1426792 3376.0 3377.0 0.06
1432832 3394.0 3395.0 0.15
1438876 3412.0 3413.0 0.25
1445228 3431.0 3433.0 -0.07
1451288 3449.0 3450.0 0.25
1457308 3467.0 3468.0 0.15
1462392 3483.0 3483.0 0.47
1468704 3502.0 3501.0 0.29
1474752 3520.0 3519.0 0.19
1481068 3539.0 3538.0 0.19
1487072 3557.0 3557.0 0.07
1492952 3575.0 3574.0 0.07
1499256 3594.0 3593.0 0.31
1505592 3612.0 3612.0 0.31
1511612 3630.0 3630.0 0.18
1517524 3649.0 3649.0 0.30
1523864 3668.0 3668.0 0.16
1530152 3686.0 3685.0 0.30
1536172 3704.0 3703.0 0.20
1542496 3723.0 3721.0 0.22
1548540 3741.0 3740.0 0.40
1554580 3759.0 3757.0 0.32
1560928 3778.0 3777.0 0.10
1566972 3796.0 3795.0 0.20
1573012 3815.0 3813.0 0.32
1579364 3834.0 3833.0 0.00
1585388 3852.0 3851.0 0.20
1590496 3867.0 3866.0 0.60
1596784 3886.0 3885.0 0.20
1602784 3904.0 3905.0 0.06
1608672 3922.0 3923.0 0.06
1615040 3941.0 3942.0 0.16
1620952 3959.0 3961.0 0.16
1627340 3978.0 3980.0 0.14
1633244 3996.0 3997.0 0.04
1639584 4015.0 4016.0 0.16
1645496 4032.0 4033.0 0.06
1651864 4052.0 4053.0 0.26
1658224 4070.0 4071.0 0.16
1664280 4088.0 4089.0 0.26
1670300 4106.0 4107.0 0.15
1676580 4125.0 4125.0 0.37
1682632 4143.0 4144.0 0.05
1688900 4162.0 4162.0 0.17
1694860 4180.0 4180.0 0.17
1701236 4199.0 4198.0 0.29
1707264 4217.0 4216.0 0.20
1713292 4235.0 4233.0 0.32
1718416 4251.0 4248.0 0.54
1724752 4270.0 4267.0 0.24
1730784 4288.0 4285.0 0.24
1736676 4306.0 4303.0 0.24
1743032 4325.0 4323.0 0.13
1748940 4343.0 4341.0 0.23
