result_0p0200_0p1000_0p0002_3000_5000_3 = [
-195664 0.0 0.0 0.00
-189532 0.0 0.0 0.00
-183316 0.0 0.0 0.00
-177212 0.0 0.0 0.00
-171012 0.0 0.0 0.00
-164916 0.0 0.0 0.00
-158652 0.0 0.0 0.00
-152640 0.0 0.0 0.00
-146456 0.0 0.0 0.00
-140364 0.0 0.0 0.00
-134172 0.0 0.0 0.00
-128068 0.0 0.0 0.00
-121872 0.0 0.0 0.00
-115768 0.0 0.0 0.00
-109668 0.0 0.0 0.00
-103464 0.0 0.0 0.00
-97360 0.0 0.0 0.00
-91212 0.0 0.0 0.00
-85068 0.0 0.0 0.00
-78920 0.0 0.0 0.00
-73820 0.0 0.0 0.00
-67680 0.0 0.0 0.00
-61456 0.0 0.0 0.00
-55328 0.0 0.0 0.00
-49204 0.0 0.0 0.00
-43076 0.0 0.0 0.00
-36952 0.0 0.0 0.00
-30652 0.0 0.0 0.00
-24524 0.0 0.0 0.00
-18476 0.0 0.0 0.00
-12348 0.0 0.0 0.00
-6220 0.0 0.0 0.00
-48 0.0 0.0 0.00
6196 0.0 0.0 0.00
12372 0.0 0.0 0.00
18516 0.0 0.0 0.00
24772 1.0 0.0 0.02
30836 2.0 0.0 0.04
36796 3.0 0.0 0.04
43044 4.0 0.0 0.08
49060 5.0 0.0 0.11
54456 7.0 0.0 0.15
60544 8.0 1.0 0.16
66628 10.0 1.0 0.20
72824 12.0 1.0 0.25
78760 15.0 2.0 0.17
85008 17.0 4.0 0.20
91244 20.0 6.0 0.21
97408 23.0 9.0 0.24
103340 26.0 12.0 0.25
109516 29.0 16.0 0.24
115696 32.0 20.0 0.12
121848 36.0 25.0 0.21
128020 40.0 30.0 0.20
134192 44.0 35.0 0.08
140500 48.0 40.0 0.17
146352 52.0 45.0 0.05
152524 57.0 50.0 0.16
158772 62.0 56.0 0.04
164920 67.0 61.0 0.04
171064 72.0 66.0 0.05
177212 77.0 71.0 0.15
182168 81.0 75.0 0.17
188328 87.0 80.0 0.06
194664 93.0 86.0 0.08
200804 99.0 92.0 0.21
206744 105.0 97.0 0.11
212948 112.0 102.0 0.26
219208 118.0 109.0 0.04
225228 125.0 114.0 0.29
231468 132.0 121.0 0.20
237496 139.0 128.0 0.22
243728 147.0 135.0 0.25
249956 154.0 142.0 0.14
256012 162.0 150.0 0.27
262060 170.0 157.0 0.15
268452 178.0 166.0 0.26
274372 186.0 174.0 0.17
280644 195.0 183.0 0.18
286704 203.0 192.0 0.28
292776 212.0 201.0 0.17
299060 221.0 210.0 0.18
305132 231.0 220.0 0.18
310364 238.0 228.0 0.27
316652 248.0 238.0 0.08
322760 258.0 248.0 0.08
328936 268.0 258.0 0.09
334808 278.0 268.0 0.09
341028 288.0 278.0 0.22
347044 299.0 288.0 0.11
353412 310.0 299.0 0.34
359632 321.0 310.0 0.14
365516 331.0 321.0 0.25
371752 343.0 332.0 0.15
377776 354.0 344.0 0.16
384012 366.0 355.0 0.17
390244 378.0 367.0 0.17
396396 390.0 379.0 0.38
402652 402.0 391.0 0.19
408548 415.0 403.0 0.21
414784 427.0 416.0 0.22
420816 440.0 428.0 0.23
427064 453.0 441.0 0.14
433108 466.0 454.0 0.24
438488 477.0 465.0 0.32
444528 491.0 478.0 0.28
450792 505.0 492.0 0.19
456808 518.0 505.0 0.30
463052 533.0 520.0 0.20
468916 547.0 534.0 0.21
475156 561.0 548.0 0.22
481520 576.0 563.0 0.53
487560 591.0 578.0 0.24
493812 606.0 593.0 0.25
499864 621.0 609.0 0.23
505776 636.0 624.0 0.14
512028 652.0 640.0 0.27
518060 668.0 656.0 0.27
524456 684.0 672.0 0.46
530368 700.0 688.0 0.17
536636 716.0 704.0 0.18
542684 733.0 721.0 0.28
548944 750.0 737.0 0.19
554988 766.0 754.0 0.32
561264 784.0 771.0 0.23
566448 798.0 785.0 0.50
572520 815.0 802.0 0.34
578796 833.0 821.0 0.13
584864 851.0 838.0 0.26
590796 869.0 856.0 0.26
597088 888.0 874.0 0.27
603132 905.0 892.0 0.30
609524 924.0 911.0 0.59
615332 942.0 929.0 0.30
621584 961.0 949.0 0.29
627860 980.0 969.0 0.27
633824 997.0 987.0 0.16
640068 1016.0 1007.0 0.14
646128 1034.0 1026.0 0.13
652604 1053.0 1046.0 0.51
658624 1071.0 1065.0 0.20
664508 1090.0 1084.0 0.20
670872 1109.0 1104.0 0.16
676776 1126.0 1123.0 0.05
683144 1145.0 1143.0 0.03
689172 1163.0 1161.0 0.13
694608 1179.0 1178.0 0.31
700624 1197.0 1196.0 0.11
706524 1215.0 1214.0 0.01
712836 1235.0 1233.0 0.21
719168 1253.0 1252.0 0.11
725180 1271.0 1270.0 0.11
731052 1289.0 1288.0 0.11
737508 1308.0 1306.0 0.44
743376 1326.0 1324.0 0.14
749688 1345.0 1342.0 0.16
755712 1363.0 1360.0 0.16
762060 1382.0 1378.0 0.18
767916 1400.0 1395.0 0.30
774244 1419.0 1414.0 0.21
780236 1437.0 1432.0 0.21
786512 1455.0 1450.0 0.21
792520 1474.0 1469.0 0.22
798824 1492.0 1488.0 0.22
804840 1510.0 1506.0 0.10
811128 1529.0 1525.0 0.21
817120 1547.0 1543.0 0.11
822504 1563.0 1559.0 0.41
828356 1581.0 1577.0 0.09
834656 1600.0 1597.0 0.19
840672 1618.0 1615.0 0.10
847012 1637.0 1634.0 0.08
852912 1655.0 1653.0 -0.02
859216 1674.0 1672.0 0.16
865236 1692.0 1690.0 0.06
871528 1711.0 1710.0 0.26
877512 1728.0 1728.0 0.04
883768 1747.0 1748.0 0.14
889780 1765.0 1766.0 0.02
896108 1784.0 1785.0 0.12
902144 1802.0 1804.0 0.00
908620 1821.0 1823.0 0.40
914676 1840.0 1842.0 0.10
920544 1858.0 1860.0 0.10
926920 1877.0 1878.0 -0.02
932792 1894.0 1896.0 0.09
939128 1913.0 1914.0 0.11
945080 1931.0 1931.0 0.03
950444 1947.0 1946.0 0.35
956736 1966.0 1964.0 0.08
962720 1984.0 1981.0 0.30
969016 2003.0 2000.0 0.20
974992 2021.0 2017.0 0.22
981284 2039.0 2035.0 0.22
987260 2057.0 2053.0 0.23
993544 2076.0 2071.0 0.45
999380 2094.0 2089.0 0.25
1005668 2113.0 2108.0 0.25
1011724 2131.0 2126.0 0.26
1017796 2149.0 2145.0 0.26
1024144 2168.0 2164.0 0.24
1030064 2186.0 2182.0 0.13
1036564 2205.0 2202.0 0.53
1042608 2223.0 2221.0 0.21
1048532 2242.0 2240.0 0.21
1054620 2260.0 2259.0 0.09
1060980 2279.0 2278.0 0.19
1067344 2298.0 2297.0 0.09
1073316 2316.0 2316.0 0.17
1078384 2331.0 2331.0 0.47
1084764 2350.0 2351.0 0.15
1090820 2368.0 2369.0 0.15
1096884 2386.0 2387.0 0.15
1102796 2404.0 2405.0 0.03
1109152 2423.0 2424.0 0.15
1115060 2441.0 2442.0 0.15
1121500 2460.0 2460.0 0.47
1127360 2478.0 2478.0 0.17
1133680 2497.0 2497.0 0.17
1139968 2516.0 2516.0 0.17
1145992 2534.0 2533.0 0.29
1151912 2552.0 2551.0 0.19
1158280 2571.0 2570.0 0.19
1164564 2589.0 2589.0 0.37
1170624 2607.0 2606.0 0.29
1176528 2626.0 2625.0 0.21
1182912 2645.0 2644.0 0.21
1188824 2662.0 2661.0 0.21
1194904 2681.0 2680.0 0.19
1201304 2700.0 2698.0 0.21
1206436 2715.0 2713.0 0.52
1212368 2733.0 2732.0 0.20
1218720 2752.0 2751.0 0.20
1224620 2770.0 2769.0 0.20
1230984 2789.0 2788.0 0.20
1237328 2808.0 2806.0 0.22
1243380 2826.0 2825.0 0.20
1249436 2844.0 2843.0 0.40
1255764 2863.0 2862.0 0.20
1261764 2881.0 2881.0 0.18
1267660 2899.0 2898.0 0.08
1273976 2918.0 2917.0 0.30
1280324 2937.0 2936.0 0.10
1286352 2955.0 2954.0 0.30
1292240 2973.0 2973.0 0.20
1298524 2992.0 2992.0 0.18
1304552 3010.0 3010.0 0.06
1310872 3029.0 3029.0 0.18
1316776 3046.0 3047.0 0.16
1323156 3065.0 3066.0 0.16
1329064 3083.0 3084.0 0.16
1334524 3099.0 3100.0 0.36
1340584 3117.0 3118.0 0.26
1346496 3135.0 3137.0 0.16
1352848 3155.0 3156.0 0.14
1359196 3173.0 3174.0 0.16
1365244 3191.0 3193.0 0.14
1371296 3209.0 3210.0 0.26
1377580 3228.0 3229.0 0.29
1383592 3246.0 3247.0 0.15
1389876 3265.0 3265.0 0.17
1395840 3283.0 3283.0 0.17
1402128 3302.0 3301.0 0.29
1408160 3320.0 3319.0 0.20
1414044 3338.0 3337.0 0.20
1420528 3357.0 3355.0 0.52
1426572 3375.0 3373.0 0.32
1432912 3394.0 3392.0 0.12
1438960 3412.0 3410.0 0.32
1444996 3431.0 3429.0 0.22
1451340 3450.0 3448.0 0.22
1457380 3468.0 3466.0 0.22
1462508 3483.0 3481.0 0.53
1468552 3501.0 3500.0 0.21
1474908 3520.0 3519.0 0.11
1480928 3538.0 3538.0 0.19
1486784 3556.0 3556.0 0.19
1493084 3575.0 3575.0 0.19
1499076 3593.0 3593.0 0.09
1505532 3612.0 3612.0 0.49
1511552 3630.0 3631.0 0.17
1517912 3649.0 3650.0 0.07
1523948 3667.0 3669.0 0.05
1529992 3686.0 3687.0 0.16
1536336 3705.0 3706.0 0.06
1542372 3723.0 3724.0 0.16
1548416 3741.0 3742.0 0.36
1554764 3760.0 3761.0 0.06
1560780 3778.0 3778.0 0.28
1566660 3796.0 3796.0 0.28
1572968 3815.0 3815.0 0.18
1578976 3833.0 3833.0 0.20
1585324 3852.0 3851.0 0.20
1590452 3867.0 3866.0 0.50
1596344 3885.0 3885.0 0.20
1602676 3904.0 3904.0 0.08
1608668 3922.0 3922.0 0.18
1614976 3941.0 3941.0 0.18
1621272 3959.0 3960.0 0.16
1627296 3977.0 3978.0 0.16
1633596 3996.0 3997.0 0.30
1639616 4014.0 4015.0 0.16
1645500 4032.0 4033.0 0.18
1651852 4052.0 4052.0 0.16
1657752 4069.0 4070.0 0.16
1664140 4088.0 4089.0 0.16
1670396 4107.0 4107.0 0.18
1676256 4125.0 4125.0 0.18
1682516 4144.0 4144.0 0.28
1688504 4161.0 4161.0 0.18
1694836 4180.0 4180.0 0.18
1701204 4199.0 4198.0 0.30
1707228 4217.0 4216.0 0.20
1713264 4235.0 4234.0 0.20
1718388 4251.0 4249.0 0.52
1724736 4270.0 4268.0 0.23
1730776 4288.0 4285.0 0.35
1736664 4306.0 4304.0 0.35
1743020 4325.0 4322.0 0.13
1748904 4343.0 4341.0 0.25
