result_0p0200_0p1000_0p0002_3000_5000_3 = [
-195664 0.0 0.0 0.00
-189532 0.0 0.0 0.00
-183316 0.0 0.0 0.00
-177212 0.0 0.0 0.00
-171012 0.0 0.0 0.00
-164916 0.0 0.0 0.00
-158652 0.0 0.0 0.00
-152640 0.0 0.0 0.00
-146456 0.0 0.0 0.00
-140364 0.0 0.0 0.00
-134172 0.0 0.0 0.00
-128068 0.0 0.0 0.00
-121872 0.0 0.0 0.00
-115768 0.0 0.0 0.00
-109668 0.0 0.0 0.00
-103464 0.0 0.0 0.00
-97360 0.0 0.0 0.00
-91212 0.0 0.0 0.00
-85068 0.0 0.0 0.00
-78920 0.0 0.0 0.00
-73820 0.0 0.0 0.00
-67680 0.0 0.0 0.00
-61456 0.0 0.0 0.00
-55328 0.0 0.0 0.00
-49204 0.0 0.0 0.00
-43076 0.0 0.0 0.00
-36952 0.0 0.0 0.00
-30652 0.0 0.0 0.00
-24524 0.0 0.0 0.00
-18476 0.0 0.0 0.00
-12348 0.0 0.0 0.00
-6220 0.0 0.0 0.00
-48 0.0 0.0 0.00
6196 0.0 0.0 0.00
12372 0.0 0.0 0.00
18516 0.0 0.0 0.00
24772 1.0 0.0 0.02
30836 2.0 0.0 0.04
36796 3.0 0.0 0.04
43044 4.0 0.0 0.08
49060 5.0 0.0 0.11
54456 7.0 0.0 0.15
60364 8.0 0.0 0.17
66564 10.0 0.0 0.22
72800 12.0 2.0 0.25
78900 15.0 4.0 0.13
84896 17.0 6.0 0.18
91132 20.0 8.0 0.17
97200 23.0 11.0 0.17
103492 26.0 14.0 0.08
109656 29.0 18.0 0.19
115824 32.0 21.0 0.20
121916 36.0 25.0 0.30
128080 40.0 30.0 0.19
134248 44.0 34.0 0.07
140508 48.0 39.0 0.18
146540 52.0 44.0 0.17
152720 57.0 48.0 0.19
158904 62.0 53.0 0.20
165048 67.0 58.0 0.10
171192 72.0 63.0 0.11
177324 77.0 68.0 0.11
182388 82.0 72.0 0.34
188540 87.0 78.0 0.12
194692 93.0 83.0 0.15
200828 99.0 88.0 0.27
206980 105.0 95.0 0.06
213164 112.0 100.0 0.31
219088 118.0 107.0 0.19
225468 125.0 114.0 0.20
231364 132.0 120.0 0.23
237604 139.0 128.0 0.12
243656 147.0 135.0 0.22
249892 154.0 143.0 0.23
255940 162.0 151.0 0.26
262192 170.0 159.0 0.14
268396 178.0 167.0 0.35
274656 186.0 176.0 0.04
280712 195.0 184.0 0.26
286660 203.0 194.0 0.13
292932 212.0 203.0 0.25
299000 221.0 212.0 0.26
305076 231.0 221.0 0.05
310500 239.0 228.0 0.36
316588 248.0 238.0 0.18
322684 258.0 248.0 0.09
328864 268.0 257.0 0.21
335092 278.0 268.0 0.10
341108 288.0 277.0 0.32
347332 299.0 288.0 0.13
353208 309.0 298.0 0.14
359428 320.0 308.0 0.16
365660 332.0 320.0 0.29
371672 343.0 330.0 0.30
377904 354.0 342.0 0.21
383924 366.0 353.0 0.20
390168 378.0 365.0 0.10
396192 390.0 377.0 0.21
402428 402.0 390.0 0.22
408680 415.0 403.0 0.25
414728 427.0 416.0 0.23
420772 440.0 428.0 0.12
427040 453.0 442.0 0.23
433088 466.0 456.0 0.11
438468 477.0 467.0 0.29
444376 491.0 480.0 0.25
450652 505.0 495.0 0.23
456700 518.0 508.0 0.14
462944 533.0 523.0 0.24
468960 547.0 536.0 0.25
475192 561.0 551.0 0.28
481380 576.0 565.0 0.48
487620 591.0 580.0 0.19
493524 606.0 595.0 0.20
499764 621.0 610.0 0.20
505796 636.0 625.0 0.21
512064 652.0 640.0 0.24
518104 668.0 656.0 0.24
524492 684.0 672.0 0.55
530548 700.0 688.0 0.26
536820 717.0 705.0 0.27
542880 733.0 722.0 0.15
548792 749.0 738.0 0.28
555068 767.0 755.0 0.29
561160 784.0 772.0 0.29
566204 798.0 785.0 0.42
572480 816.0 803.0 0.23
578532 833.0 820.0 0.34
584612 851.0 838.0 0.12
590888 869.0 856.0 0.35
596964 887.0 874.0 0.24
603252 906.0 893.0 0.25
609220 924.0 911.0 0.37
615480 942.0 931.0 0.14
621744 961.0 951.0 0.25
627692 979.0 969.0 0.14
633948 998.0 989.0 0.22
639912 1016.0 1008.0 0.21
646268 1035.0 1028.0 0.21
652452 1053.0 1046.0 0.50
658328 1071.0 1065.0 0.08
664692 1090.0 1084.0 0.16
670728 1108.0 1104.0 0.17
676792 1126.0 1122.0 0.15
683152 1145.0 1141.0 0.15
689464 1164.0 1160.0 0.15
694564 1179.0 1175.0 0.46
700576 1197.0 1192.0 0.28
706896 1216.0 1212.0 -0.04
712908 1234.0 1230.0 0.16
718764 1252.0 1248.0 0.17
725072 1271.0 1266.0 0.19
731104 1289.0 1284.0 0.09
737572 1308.0 1304.0 0.38
743600 1326.0 1322.0 0.18
749916 1345.0 1341.0 0.08
755916 1363.0 1360.0 0.06
761800 1381.0 1377.0 0.06
768096 1400.0 1396.0 0.29
774128 1418.0 1415.0 0.09
780584 1437.0 1433.0 0.49
786580 1455.0 1452.0 0.17
792872 1474.0 1471.0 0.18
798880 1492.0 1489.0 0.28
805192 1511.0 1508.0 0.28
811196 1529.0 1527.0 0.06
817488 1548.0 1545.0 0.18
822572 1563.0 1560.0 0.48
828560 1581.0 1579.0 0.07
834856 1600.0 1597.0 0.29
840840 1618.0 1616.0 0.07
847132 1637.0 1634.0 0.19
853104 1655.0 1652.0 0.19
859404 1674.0 1671.0 0.09
865388 1692.0 1688.0 0.48
871732 1711.0 1708.0 0.20
877724 1729.0 1726.0 0.20
884020 1748.0 1744.0 0.32
890016 1766.0 1763.0 0.20
896316 1785.0 1782.0 0.21
902304 1802.0 1800.0 0.19
908608 1821.0 1820.0 0.24
914632 1839.0 1837.0 0.29
920496 1857.0 1856.0 0.19
926820 1876.0 1875.0 0.17
932852 1895.0 1892.0 0.07
939184 1914.0 1912.0 0.29
945064 1931.0 1930.0 0.07
950448 1947.0 1945.0 0.46
956752 1966.0 1964.0 0.20
962752 1984.0 1983.0 0.18
968616 2002.0 2001.0 0.18
974916 2021.0 2020.0 0.30
980952 2039.0 2038.0 0.08
987236 2058.0 2056.0 0.30
993384 2076.0 2074.0 0.60
999668 2095.0 2093.0 0.20
1005512 2113.0 2112.0 0.20
1011900 2132.0 2131.0 0.18
1017776 2149.0 2148.0 0.06
1024100 2168.0 2168.0 0.28
1030448 2187.0 2186.0 0.18
1036488 2205.0 2204.0 0.39
1042544 2223.0 2222.0 0.19
1048896 2242.0 2241.0 0.19
1054912 2260.0 2260.0 0.07
1060820 2278.0 2277.0 0.09
1067156 2297.0 2296.0 0.31
1073072 2315.0 2314.0 0.09
1078512 2331.0 2329.0 0.48
1084548 2349.0 2348.0 0.09
1090904 2368.0 2366.0 0.21
1096952 2386.0 2384.0 0.31
1103004 2405.0 2403.0 0.21
1108924 2423.0 2421.0 0.10
1115276 2442.0 2440.0 0.32
1121204 2460.0 2459.0 0.22
1127532 2479.0 2478.0 0.08
1133524 2497.0 2496.0 0.18
1139848 2516.0 2516.0 0.28
1145752 2533.0 2534.0 0.06
1152140 2552.0 2553.0 0.16
1158060 2570.0 2572.0 0.16
1164596 2589.0 2591.0 0.43
1170632 2608.0 2608.0 0.27
1176692 2626.0 2627.0 0.15
1183068 2645.0 2646.0 0.15
1189112 2663.0 2664.0 0.15
1195180 2681.0 2682.0 0.15
1201076 2699.0 2700.0 0.15
1206448 2715.0 2715.0 0.37
1212320 2733.0 2733.0 0.17
1218656 2752.0 2752.0 0.29
1224724 2770.0 2770.0 0.07
1231024 2789.0 2789.0 0.07
1237296 2808.0 2808.0 0.07
1243300 2825.0 2826.0 0.15
1249600 2844.0 2845.0 0.28
1255632 2862.0 2863.0 0.15
1261532 2881.0 2881.0 0.05
1267896 2900.0 2900.0 0.25
1273812 2917.0 2918.0 0.15
1280148 2936.0 2936.0 0.27
1286428 2955.0 2955.0 0.07
1292432 2973.0 2972.0 0.46
1298772 2992.0 2991.0 0.09
1304792 3010.0 3009.0 0.29
1310824 3028.0 3027.0 0.19
1317172 3047.0 3046.0 0.19
1323200 3065.0 3064.0 0.19
1329100 3083.0 3082.0 0.19
1334564 3099.0 3098.0 0.39
1340600 3117.0 3116.0 0.19
1346516 3136.0 3135.0 0.22
1352896 3155.0 3154.0 0.10
1358768 3172.0 3172.0 0.30
1365104 3191.0 3191.0 0.18
1371460 3210.0 3210.0 0.18
1377460 3228.0 3228.0 0.44
1383364 3246.0 3247.0 0.16
1389704 3265.0 3267.0 0.04
1396048 3284.0 3285.0 0.15
1402092 3302.0 3304.0 0.13
1408132 3320.0 3322.0 0.13
1414472 3339.0 3340.0 0.15
1420528 3357.0 3358.0 0.35
1426560 3375.0 3376.0 0.15
1432908 3394.0 3395.0 0.05
1438860 3412.0 3412.0 0.17
1445172 3431.0 3430.0 0.19
1451200 3449.0 3448.0 0.19
1457096 3467.0 3466.0 0.19
1462520 3483.0 3481.0 0.41
1468556 3501.0 3499.0 0.21
1474456 3519.0 3517.0 0.21
1480812 3538.0 3536.0 0.22
1487156 3557.0 3556.0 0.10
1493204 3575.0 3574.0 0.20
1499248 3593.0 3592.0 0.20
1505568 3612.0 3612.0 0.25
1511548 3630.0 3630.0 0.18
1517820 3649.0 3649.0 0.18
1523672 3667.0 3667.0 0.18
1529980 3686.0 3686.0 0.18
1536240 3704.0 3704.0 0.28
1542080 3722.0 3722.0 0.18
1548560 3741.0 3740.0 0.50
1554604 3759.0 3758.0 0.20
1560492 3777.0 3776.0 0.22
1566820 3796.0 3796.0 0.30
1573148 3815.0 3815.0 0.08
1579144 3833.0 3833.0 0.18
1585468 3852.0 3852.0 0.18
1590612 3867.0 3868.0 0.46
1596664 3886.0 3887.0 0.16
1602720 3904.0 3905.0 0.26
1608616 3922.0 3924.0 0.14
1614980 3941.0 3943.0 0.14
1621332 3960.0 3961.0 0.16
1627372 3978.0 3979.0 0.16
1633396 3996.0 3996.0 0.44
1639712 4015.0 4016.0 0.05
1645708 4033.0 4033.0 0.27
1651976 4052.0 4052.0 0.17
1657996 4070.0 4069.0 0.29
1664340 4089.0 4088.0 0.10
1670380 4107.0 4105.0 0.32
1676412 4125.0 4124.0 0.33
1682768 4144.0 4142.0 0.22
1688816 4162.0 4160.0 0.32
1694860 4180.0 4179.0 0.20
1701184 4199.0 4198.0 0.20
1707208 4217.0 4216.0 0.20
1713116 4235.0 4235.0 0.20
1718544 4251.0 4250.0 0.40
1724560 4269.0 4268.0 0.30
1730832 4288.0 4288.0 0.08
1736828 4306.0 4307.0 0.06
1742756 4324.0 4325.0 -0.04
1749076 4343.0 4344.0 0.28
