result_0p0200_0p1000_0p0002_3000_5000_3 = [
-195568 0.0 0.0 0.00
-189436 0.0 0.0 0.00
-183312 0.0 0.0 0.00
-177208 0.0 0.0 0.00
-171012 0.0 0.0 0.00
-164912 0.0 0.0 0.00
-158652 0.0 0.0 0.00
-152636 0.0 0.0 0.00
-146452 0.0 0.0 0.00
-140368 0.0 0.0 0.00
-134168 0.0 0.0 0.00
-128068 0.0 0.0 0.00
-121868 0.0 0.0 0.00
-115764 0.0 0.0 0.00
-109564 0.0 0.0 0.00
-103460 0.0 0.0 0.00
-97260 0.0 0.0 0.00
-91216 0.0 0.0 0.00
-85064 0.0 0.0 0.00
-78916 0.0 0.0 0.00
-73644 0.0 0.0 0.00
-67500 0.0 0.0 0.00
-61452 0.0 0.0 0.00
-55324 0.0 0.0 0.00
-49200 0.0 0.0 0.00
-43072 0.0 0.0 0.00
-36852 0.0 0.0 0.00
-30648 0.0 0.0 0.00
-24596 0.0 0.0 0.00
-18472 0.0 0.0 0.00
-12344 0.0 0.0 0.00
-6224 0.0 0.0 0.00
-44 0.0 0.0 0.00
6200 0.0 0.0 0.00
12376 0.0 0.0 0.00
18520 0.0 0.0 0.00
24776 1.0 0.0 0.02
30840 2.0 0.0 0.04
36800 3.0 0.0 0.04
43048 4.0 0.0 0.08
49272 5.0 0.0 0.11
54508 7.0 1.0 0.06
60580 8.0 1.0 0.16
66708 10.0 2.0 0.18
72640 12.0 3.0 0.20
78872 15.0 4.0 0.13
85108 17.0 6.0 0.16
91096 20.0 8.0 0.28
97492 23.0 11.0 0.19
103572 26.0 14.0 0.20
109732 29.0 17.0 0.21
115860 32.0 21.0 0.09
121836 36.0 25.0 0.32
127976 40.0 30.0 0.09
134144 44.0 35.0 0.07
140408 48.0 39.0 0.28
146604 52.0 44.0 0.16
152796 57.0 50.0 -0.05
158664 62.0 54.0 0.05
164824 67.0 59.0 -0.04
170968 72.0 63.0 0.08
177100 77.0 68.0 0.21
182412 82.0 72.0 0.27
188560 87.0 78.0 0.12
194696 93.0 83.0 0.14
200836 99.0 89.0 0.15
206972 105.0 95.0 0.06
213164 112.0 101.0 0.18
219076 118.0 107.0 0.19
225472 125.0 114.0 0.20
231360 132.0 120.0 0.22
237596 139.0 127.0 0.11
243832 147.0 135.0 0.14
249872 154.0 143.0 0.13
255932 162.0 151.0 0.25
262188 170.0 159.0 0.14
268248 178.0 167.0 0.15
274520 186.0 176.0 0.13
280584 195.0 185.0 0.14
286656 203.0 194.0 0.02
292924 212.0 203.0 0.13
298988 221.0 212.0 0.04
305264 231.0 222.0 0.14
310492 239.0 229.0 0.27
316564 248.0 239.0 0.05
322528 258.0 248.0 0.18
328700 268.0 258.0 0.18
334928 278.0 267.0 0.19
340992 288.0 278.0 0.22
347220 299.0 287.0 0.22
353236 309.0 297.0 0.25
359456 321.0 308.0 0.28
365684 332.0 319.0 0.17
371708 343.0 330.0 0.29
377936 355.0 342.0 0.20
383964 366.0 354.0 0.21
390220 378.0 366.0 0.22
396436 390.0 378.0 0.41
402696 402.0 391.0 0.19
408744 415.0 404.0 0.20
414652 427.0 417.0 0.08
420892 440.0 431.0 0.19
426988 453.0 443.0 0.08
433244 466.0 457.0 0.18
438396 477.0 467.0 0.34
444376 491.0 481.0 0.21
450636 505.0 494.0 0.12
456648 518.0 507.0 0.27
462876 533.0 521.0 0.15
469104 547.0 535.0 0.18
475124 561.0 549.0 0.29
481476 576.0 563.0 0.52
487380 591.0 579.0 0.20
493620 606.0 595.0 0.19
499700 621.0 610.0 0.32
505812 636.0 625.0 0.20
512060 652.0 641.0 0.11
518120 668.0 656.0 0.22
524528 684.0 673.0 0.53
530588 700.0 689.0 0.23
536520 716.0 705.0 0.24
542792 733.0 723.0 0.24
548880 750.0 739.0 0.25
554928 766.0 755.0 0.28
561204 784.0 771.0 0.19
566252 798.0 785.0 0.41
572524 816.0 803.0 0.22
578592 833.0 820.0 0.33
584664 851.0 838.0 0.36
590948 869.0 856.0 0.24
597016 887.0 875.0 0.25
603316 906.0 893.0 0.26
609432 924.0 911.0 0.67
615684 943.0 931.0 0.16
621500 960.0 949.0 0.24
627744 979.0 969.0 0.25
634020 998.0 989.0 0.24
639976 1016.0 1007.0 0.12
646332 1035.0 1027.0 0.33
652232 1053.0 1045.0 0.21
658560 1072.0 1066.0 0.07
664620 1090.0 1085.0 -0.04
670684 1108.0 1104.0 0.04
677056 1127.0 1123.0 0.24
682948 1145.0 1142.0 0.12
689312 1164.0 1162.0 0.11
694420 1179.0 1177.0 0.31
700756 1198.0 1196.0 0.11
706756 1216.0 1214.0 0.11
712628 1234.0 1232.0 0.11
718968 1253.0 1251.0 0.23
724996 1271.0 1268.0 0.03
731328 1290.0 1287.0 0.13
737640 1308.0 1306.0 0.25
743648 1326.0 1323.0 0.24
749524 1345.0 1341.0 0.16
755856 1364.0 1359.0 0.26
761900 1382.0 1378.0 0.04
768220 1401.0 1396.0 0.17
774084 1418.0 1414.0 0.17
780508 1437.0 1432.0 0.49
786808 1456.0 1451.0 0.10
792796 1474.0 1470.0 0.18
798664 1492.0 1488.0 0.06
804960 1511.0 1507.0 0.28
810980 1529.0 1526.0 0.18
817308 1548.0 1545.0 0.07
822400 1563.0 1559.0 0.46
828744 1582.0 1579.0 0.17
834748 1600.0 1598.0 0.05
840644 1618.0 1615.0 -0.05
846952 1637.0 1635.0 0.27
852984 1655.0 1653.0 0.06
859312 1674.0 1673.0 0.04
865440 1692.0 1691.0 0.44
871752 1711.0 1711.0 0.12
877696 1729.0 1729.0 0.12
884020 1748.0 1748.0 0.22
890080 1766.0 1767.0 0.10
895984 1784.0 1785.0 -0.00
902300 1803.0 1803.0 0.22
908252 1821.0 1820.0 0.02
914504 1839.0 1839.0 0.24
920540 1858.0 1856.0 -0.08
926848 1877.0 1874.0 0.26
932852 1895.0 1891.0 0.18
939156 1913.0 1909.0 0.20
945132 1931.0 1926.0 0.24
950512 1947.0 1941.0 0.45
956364 1965.0 1959.0 0.25
962660 1984.0 1978.0 0.26
968684 2002.0 1997.0 0.04
974972 2021.0 2016.0 0.24
980988 2039.0 2035.0 0.24
987300 2058.0 2055.0 0.23
993460 2076.0 2073.0 0.51
999364 2094.0 2092.0 -0.01
1005676 2113.0 2112.0 0.29
1011720 2131.0 2131.0 0.17
1018060 2150.0 2150.0 0.05
1023956 2168.0 2168.0 0.03
1030332 2187.0 2188.0 0.13
1036240 2205.0 2206.0 0.13
1042600 2224.0 2225.0 0.13
1048952 2242.0 2244.0 0.01
1054988 2261.0 2263.0 0.01
1061060 2279.0 2280.0 0.23
1066964 2297.0 2298.0 0.13
1073304 2316.0 2316.0 0.15
1078380 2331.0 2331.0 0.45
1084732 2350.0 2349.0 0.17
1090772 2368.0 2367.0 0.17
1096688 2386.0 2384.0 0.07
1103028 2405.0 2403.0 0.31
1108944 2423.0 2420.0 0.21
1115320 2442.0 2439.0 0.33
1121248 2460.0 2456.0 0.11
1127584 2479.0 2475.0 0.34
1133508 2496.0 2494.0 0.24
1139876 2516.0 2513.0 0.10
1145788 2533.0 2531.0 0.08
1152168 2552.0 2551.0 0.18
1158068 2570.0 2570.0 0.28
1164536 2589.0 2589.0 0.46
1170552 2607.0 2607.0 0.26
1176920 2626.0 2627.0 0.14
1182956 2644.0 2646.0 0.02
1188984 2663.0 2663.0 0.26
1195316 2682.0 2683.0 0.04
1201328 2700.0 2700.0 0.26
1206384 2715.0 2715.0 0.46
1212676 2734.0 2734.0 0.16
1218684 2752.0 2751.0 0.28
1224968 2771.0 2771.0 0.16
1231016 2789.0 2788.0 0.28
1237344 2808.0 2807.0 0.08
1243396 2826.0 2825.0 0.18
1249436 2844.0 2843.0 0.38
1255788 2863.0 2862.0 0.08
1261832 2881.0 2880.0 0.18
1267880 2899.0 2898.0 0.18
1273796 2917.0 2916.0 0.18
1280176 2937.0 2935.0 0.31
1286100 2954.0 2952.0 0.09
1292604 2973.0 2971.0 0.51
1298652 2991.0 2990.0 0.09
1304564 3010.0 3009.0 0.09
1310912 3029.0 3028.0 0.19
1317180 3047.0 3047.0 0.07
1323176 3065.0 3066.0 0.05
1329096 3083.0 3084.0 -0.05
1334512 3099.0 3099.0 0.44
1340356 3117.0 3117.0 0.17
1346664 3136.0 3135.0 0.17
1352712 3154.0 3154.0 0.19
1358768 3172.0 3171.0 0.19
1365156 3191.0 3190.0 0.19
1371496 3210.0 3208.0 0.21
1377528 3228.0 3227.0 0.33
1383584 3246.0 3244.0 0.31
1389928 3265.0 3263.0 0.21
1395968 3283.0 3282.0 0.20
1402008 3302.0 3300.0 0.22
1408348 3321.0 3319.0 0.22
1414388 3339.0 3338.0 0.10
1420424 3357.0 3356.0 0.40
1426776 3376.0 3375.0 0.20
1432740 3394.0 3394.0 0.18
1439024 3413.0 3413.0 0.18
1444976 3431.0 3431.0 0.18
1451272 3449.0 3450.0 0.16
1457308 3468.0 3468.0 0.28
1462240 3483.0 3483.0 0.08
1468552 3502.0 3503.0 0.16
1474908 3520.0 3521.0 0.16
1480924 3538.0 3539.0 0.16
1486804 3556.0 3556.0 0.18
1493096 3575.0 3575.0 0.28
1499088 3593.0 3593.0 0.08
1505556 3612.0 3611.0 0.50
1511544 3630.0 3630.0 0.08
1517836 3649.0 3648.0 0.30
1523680 3667.0 3667.0 0.18
1529984 3686.0 3685.0 0.18
1536020 3704.0 3703.0 0.30
1542360 3723.0 3723.0 0.20
1548260 3741.0 3740.0 0.20
1554568 3760.0 3759.0 0.20
1560840 3778.0 3778.0 0.18
1566848 3796.0 3796.0 0.28
1573156 3815.0 3815.0 0.28
1579180 3833.0 3834.0 0.06
1585504 3852.0 3853.0 0.06
1590636 3867.0 3868.0 0.46
1596616 3885.0 3887.0 0.04
1602524 3904.0 3904.0 0.06
1608872 3923.0 3923.0 0.26
1614792 3940.0 3941.0 0.16
1621172 3959.0 3960.0 0.04
1627504 3978.0 3979.0 0.05
1633540 3996.0 3997.0 0.35
1639588 4014.0 4015.0 0.15
1645880 4033.0 4033.0 0.17
1651836 4051.0 4051.0 0.17
1658152 4070.0 4069.0 0.19
1664184 4088.0 4087.0 0.19
1670084 4106.0 4105.0 0.19
1676600 4125.0 4123.0 0.52
1682648 4143.0 4142.0 0.10
1688544 4162.0 4159.0 0.12
1694888 4181.0 4179.0 0.32
1701216 4199.0 4199.0 -0.02
1707252 4217.0 4216.0 0.30
1713120 4235.0 4235.0 0.30
1718504 4251.0 4251.0 0.38
1724396 4269.0 4269.0 0.08
1730692 4288.0 4288.0 0.18
1736968 4307.0 4307.0 0.18
1742832 4324.0 4326.0 0.18
1749184 4344.0 4345.0 0.04
