result_0p0200_0p1000_0p0001_3000_5000_3 = [
-195560 0.0 0.0 0.00
-189416 0.0 0.0 0.00
-183284 0.0 0.0 0.00
-177172 0.0 0.0 0.00
-171056 0.0 0.0 0.00
-164856 0.0 0.0 0.00
-158756 0.0 0.0 0.00
-152560 0.0 0.0 0.00
-146460 0.0 0.0 0.00
-140264 0.0 0.0 0.00
-134156 0.0 0.0 0.00
-128044 0.0 0.0 0.00
-121836 0.0 0.0 0.00
-115724 0.0 0.0 0.00
-109608 0.0 0.0 0.00
-103400 0.0 0.0 0.00
-97288 0.0 0.0 0.00
-91132 0.0 0.0 0.00
-84972 0.0 0.0 0.00
-78912 0.0 0.0 0.00
-73632 0.0 0.0 0.00
-67660 0.0 0.0 0.00
-61420 0.0 0.0 0.00
-55284 0.0 0.0 0.00
-49148 0.0 0.0 0.00
-43008 0.0 0.0 0.00
-36872 0.0 0.0 0.00
-30736 0.0 0.0 0.00
-24600 0.0 0.0 0.00
-18464 0.0 0.0 0.00
-12328 0.0 0.0 0.00
-6192 0.0 0.0 0.00
-8 0.0 0.0 0.00
6184 0.0 0.0 0.00
12360 0.0 0.0 0.00
18424 0.0 0.0 0.00
24656 1.0 0.0 0.02
30720 2.0 0.0 0.04
36988 3.0 0.0 0.06
43020 4.0 0.0 0.08
49244 5.0 0.0 0.11
54428 7.0 0.0 0.15
60352 8.0 1.0 0.17
66672 10.0 1.0 0.20
72692 12.0 2.0 0.23
78920 15.0 3.0 0.20
84956 17.0 5.0 0.23
91188 20.0 8.0 0.24
97216 23.0 11.0 0.29
103548 26.0 15.0 0.23
109504 29.0 19.0 0.22
115672 32.0 24.0 0.20
121824 36.0 29.0 0.12
127988 40.0 34.0 0.10
134156 44.0 39.0 0.14
140468 48.0 44.0 0.12
146668 52.0 49.0 0.05
152836 57.0 54.0 0.10
158684 62.0 59.0 0.03
164840 67.0 64.0 0.11
170996 72.0 69.0 0.06
177096 77.0 73.0 0.01
182248 82.0 77.0 0.15
188384 87.0 82.0 0.11
194512 93.0 86.0 0.20
200644 99.0 90.0 0.17
206772 105.0 96.0 0.25
212972 112.0 102.0 0.22
219236 118.0 108.0 0.23
225272 125.0 114.0 0.19
231508 132.0 122.0 0.19
237552 139.0 130.0 0.25
243800 147.0 138.0 0.26
249836 154.0 146.0 0.24
256088 162.0 154.0 0.18
262148 170.0 163.0 0.16
268228 178.0 172.0 0.14
274500 186.0 182.0 0.13
280560 195.0 190.0 0.11
286836 204.0 200.0 0.11
292908 212.0 209.0 0.17
298976 221.0 218.0 0.17
305244 231.0 226.0 0.05
310452 239.0 234.0 0.19
316392 248.0 243.0 0.19
322704 258.0 252.0 0.15
328688 268.0 262.0 0.17
334900 278.0 270.0 0.13
341120 289.0 281.0 0.29
347112 299.0 290.0 0.23
353476 310.0 300.0 0.32
359700 321.0 311.0 0.23
365700 332.0 322.0 0.23
371936 343.0 334.0 0.22
377824 354.0 345.0 0.22
384056 366.0 358.0 0.23
390080 378.0 370.0 0.17
396460 390.0 382.0 0.32
402704 402.0 395.0 0.21
408740 415.0 408.0 0.21
414988 427.0 422.0 0.12
421016 440.0 434.0 0.20
427264 453.0 448.0 0.18
433308 466.0 462.0 0.16
438476 477.0 473.0 0.22
444372 491.0 486.0 0.14
450624 505.0 499.0 0.19
456648 518.0 513.0 0.16
462856 533.0 526.0 0.15
469068 547.0 541.0 0.24
475076 561.0 554.0 0.17
481428 576.0 569.0 0.30
487644 591.0 584.0 0.15
493528 606.0 598.0 0.21
499756 621.0 614.0 0.23
505780 636.0 629.0 0.29
512040 652.0 644.0 0.24
518288 668.0 660.0 0.20
524452 684.0 676.0 0.35
530708 700.0 693.0 0.19
536748 716.0 709.0 0.19
542664 733.0 726.0 0.14
548932 750.0 743.0 0.20
554980 766.0 760.0 0.25
561260 784.0 778.0 0.26
566436 798.0 791.0 0.35
572360 815.0 809.0 0.21
578632 833.0 826.0 0.20
584692 851.0 844.0 0.27
590968 869.0 862.0 0.28
597032 887.0 880.0 0.16
603296 906.0 898.0 0.31
609268 924.0 917.0 0.19
615508 942.0 936.0 0.17
621764 961.0 955.0 0.23
627688 979.0 974.0 0.16
633928 998.0 994.0 0.21
640172 1017.0 1014.0 0.18
646084 1034.0 1033.0 0.16
652508 1053.0 1053.0 0.27
658380 1071.0 1071.0 0.07
664692 1090.0 1091.0 0.10
670736 1108.0 1110.0 0.05
676800 1126.0 1128.0 0.08
683152 1145.0 1146.0 0.08
689192 1164.0 1165.0 0.02
694608 1179.0 1180.0 0.19
700560 1197.0 1197.0 0.11
706864 1216.0 1214.0 0.20
712844 1234.0 1232.0 0.16
719128 1253.0 1250.0 0.18
725132 1271.0 1266.0 0.27
731424 1290.0 1284.0 0.24
737268 1308.0 1302.0 0.25
743564 1327.0 1320.0 0.27
749560 1345.0 1338.0 0.20
755852 1364.0 1358.0 0.26
761864 1382.0 1376.0 0.14
768172 1400.0 1396.0 0.24
774168 1418.0 1414.0 0.23
780616 1437.0 1434.0 0.36
786608 1455.0 1454.0 0.12
792892 1474.0 1474.0 0.10
798860 1492.0 1492.0 0.15
805136 1511.0 1512.0 0.13
810996 1529.0 1530.0 0.13
817300 1548.0 1550.0 0.13
822416 1563.0 1565.0 0.18
828716 1582.0 1583.0 0.18
834704 1600.0 1601.0 0.13
841000 1619.0 1620.0 0.13
846828 1636.0 1637.0 0.20
853036 1655.0 1655.0 0.15
859320 1674.0 1674.0 0.22
865616 1692.0 1691.0 0.30
871592 1710.0 1709.0 0.17
877896 1729.0 1727.0 0.24
883884 1747.0 1745.0 0.19
890176 1766.0 1764.0 0.19
896152 1784.0 1781.0 0.21
902440 1803.0 1800.0 0.21
908424 1821.0 1818.0 0.28
914732 1840.0 1836.0 0.24
920720 1858.0 1854.0 0.24
927024 1877.0 1874.0 0.17
933028 1895.0 1892.0 0.23
939332 1914.0 1911.0 0.28
945328 1932.0 1930.0 0.21
950404 1947.0 1946.0 0.34
956712 1966.0 1965.0 0.19
962672 1984.0 1984.0 0.17
968952 2002.0 2003.0 0.15
974796 2020.0 2022.0 0.17
981104 2039.0 2041.0 0.08
987088 2057.0 2059.0 0.08
993512 2076.0 2078.0 0.23
999360 2094.0 2096.0 0.13
1005652 2113.0 2114.0 0.19
1011736 2131.0 2133.0 0.14
1018076 2150.0 2151.0 0.14
1023960 2168.0 2169.0 0.21
1030248 2187.0 2187.0 0.16
1036644 2206.0 2205.0 0.33
1042684 2224.0 2223.0 0.18
1048720 2242.0 2241.0 0.18
1055072 2261.0 2260.0 0.14
1061120 2279.0 2278.0 0.19
1067164 2297.0 2296.0 0.19
1073508 2316.0 2314.0 0.21
1078208 2331.0 2329.0 0.26
1084548 2350.0 2348.0 0.14
1090596 2368.0 2366.0 0.28
1096668 2386.0 2384.0 0.16
1103012 2405.0 2403.0 0.21
1109356 2424.0 2422.0 0.16
1115412 2442.0 2441.0 0.14
1121460 2460.0 2459.0 0.30
1127368 2478.0 2478.0 0.20
1133700 2497.0 2497.0 0.13
1140008 2516.0 2516.0 0.18
1145984 2534.0 2534.0 0.18
1152296 2552.0 2554.0 0.09
1158308 2571.0 2571.0 0.23
1164640 2590.0 2590.0 0.28
1170688 2608.0 2609.0 0.16
1176752 2626.0 2627.0 0.15
1182660 2644.0 2646.0 0.20
1188988 2663.0 2664.0 0.15
1195040 2681.0 2682.0 0.15
1201096 2699.0 2700.0 0.10
1206528 2715.0 2716.0 0.25
1212576 2733.0 2734.0 0.15
1218900 2752.0 2753.0 0.10
1224904 2770.0 2770.0 0.22
1231172 2789.0 2789.0 0.12
1237208 2807.0 2806.0 0.24
1243112 2825.0 2824.0 0.19
1249596 2844.0 2843.0 0.34
1255636 2862.0 2861.0 0.19
1261544 2881.0 2879.0 0.21
1267892 2900.0 2898.0 0.19
1273804 2917.0 2916.0 0.20
1280152 2936.0 2935.0 0.20
1286488 2955.0 2954.0 0.15
1292512 2973.0 2973.0 0.24
1298392 2991.0 2990.0 0.13
1304708 3010.0 3010.0 0.25
1311032 3029.0 3029.0 0.13
1317052 3047.0 3046.0 0.25
1323320 3066.0 3066.0 0.13
1329320 3083.0 3084.0 0.16
1334256 3099.0 3099.0 0.13
1340568 3118.0 3118.0 0.23
1346912 3136.0 3137.0 0.11
1352964 3154.0 3155.0 0.21
1358948 3173.0 3173.0 0.18
1365264 3191.0 3192.0 0.16
1371284 3209.0 3210.0 0.16
1377620 3228.0 3229.0 0.22
1383580 3246.0 3246.0 0.23
1389848 3265.0 3265.0 0.18
1395864 3283.0 3282.0 0.25
1402196 3302.0 3301.0 0.20
1408224 3320.0 3319.0 0.20
1414120 3338.0 3337.0 0.20
1420584 3357.0 3355.0 0.37
1426620 3375.0 3374.0 0.20
1432516 3394.0 3392.0 0.22
1438852 3413.0 3411.0 0.20
1444884 3431.0 3430.0 0.25
1451236 3450.0 3449.0 0.20
1457104 3467.0 3467.0 0.13
1462456 3483.0 3483.0 0.28
1468724 3502.0 3502.0 0.13
1474756 3520.0 3521.0 0.11
1480640 3538.0 3539.0 0.11
1486988 3557.0 3558.0 0.21
1493328 3576.0 3577.0 0.16
1499384 3594.0 3595.0 0.21
1505412 3612.0 3614.0 0.24
1511764 3631.0 3633.0 0.09
1517804 3649.0 3650.0 0.21
1523700 3667.0 3668.0 0.16
1530044 3686.0 3687.0 0.16
1536328 3705.0 3705.0 0.13
1542348 3723.0 3722.0 0.25
1548212 3741.0 3740.0 0.25
1554524 3760.0 3758.0 0.25
1560576 3778.0 3777.0 0.20
1566904 3797.0 3795.0 0.22
1572788 3814.0 3814.0 0.20
1579112 3833.0 3832.0 0.13
1585092 3851.0 3850.0 0.13
1590508 3867.0 3866.0 0.33
1596392 3885.0 3885.0 0.25
1602688 3904.0 3904.0 0.18
1608656 3922.0 3922.0 0.13
1614924 3941.0 3941.0 0.18
1620952 3959.0 3960.0 0.06
1627292 3978.0 3979.0 0.16
1633632 3996.0 3998.0 0.20
1639676 4015.0 4016.0 0.16
1645720 4033.0 4034.0 0.21
1652060 4052.0 4054.0 0.09
1658088 4070.0 4072.0 0.13
1663980 4088.0 4090.0 0.13
1670320 4107.0 4108.0 0.15
1676632 4125.0 4126.0 0.22
1682600 4143.0 4143.0 0.22
1688916 4162.0 4162.0 0.12
1694908 4180.0 4179.0 0.24
1701220 4199.0 4198.0 0.14
1707252 4217.0 4216.0 0.19
1713280 4235.0 4233.0 0.21
1718412 4251.0 4249.0 0.37
1724752 4270.0 4267.0 0.29
1730776 4288.0 4286.0 0.17
1736684 4306.0 4304.0 0.17
1743016 4325.0 4323.0 0.22
1749348 4344.0 4342.0 0.17
