result_0p0400_0p1000_0p0001_3000_5000_3 = [
-195664 0.0 0.0 0.00
-189532 0.0 0.0 0.00
-183316 0.0 0.0 0.00
-177212 0.0 0.0 0.00
-171108 0.0 0.0 0.00
-164916 0.0 0.0 0.00
-158832 0.0 0.0 0.00
-152640 0.0 0.0 0.00
-146456 0.0 0.0 0.00
-140364 0.0 0.0 0.00
-134172 0.0 0.0 0.00
-128068 0.0 0.0 0.00
-121872 0.0 0.0 0.00
-115768 0.0 0.0 0.00
-109664 0.0 0.0 0.00
-103464 0.0 0.0 0.00
-97360 0.0 0.0 0.00
-91212 0.0 0.0 0.00
-85068 0.0 0.0 0.00
-78920 0.0 0.0 0.00
-73820 0.0 0.0 0.00
-67680 0.0 0.0 0.00
-61456 0.0 0.0 0.00
-55328 0.0 0.0 0.00
-49204 0.0 0.0 0.00
-43076 0.0 0.0 0.00
-36952 0.0 0.0 0.00
-30832 0.0 0.0 0.00
-24600 0.0 0.0 0.00
-18476 0.0 0.0 0.00
-12348 0.0 0.0 0.00
-6220 0.0 0.0 0.00
-48 0.0 0.0 0.00
6196 0.0 0.0 0.00
12372 0.0 0.0 0.00
18516 0.0 0.0 0.00
24764 1.0 0.0 0.04
30820 2.0 0.0 0.08
36768 3.0 0.0 0.08
43012 4.0 0.0 0.16
49096 5.0 1.0 0.12
54352 7.0 1.0 0.25
60468 8.0 2.0 0.25
66492 10.0 4.0 0.25
72796 12.0 6.0 0.21
78860 15.0 9.0 0.12
84904 17.0 12.0 0.13
91236 20.0 16.0 0.14
97500 23.0 20.0 0.10
103628 26.0 23.0 0.11
109488 29.0 27.0 0.07
115660 32.0 30.0 0.07
121880 36.0 34.0 0.03
128036 40.0 38.0 0.07
134188 44.0 41.0 0.11
140448 48.0 44.0 0.15
146604 52.0 47.0 0.20
152732 57.0 50.0 0.33
158896 62.0 55.0 0.28
165044 67.0 60.0 0.24
171176 72.0 65.0 0.24
177320 77.0 70.0 0.30
182416 82.0 76.0 0.26
188572 87.0 82.0 0.22
194740 93.0 90.0 0.04
200892 99.0 96.0 0.10
207056 105.0 102.0 0.15
213132 112.0 110.0 0.01
219056 118.0 115.0 0.01
225444 125.0 122.0 0.15
231344 132.0 128.0 0.15
237572 139.0 134.0 0.19
243808 147.0 141.0 0.23
249836 154.0 147.0 0.28
256084 162.0 155.0 0.23
262136 170.0 162.0 0.18
268196 178.0 171.0 0.24
274476 186.0 180.0 0.29
280544 195.0 190.0 0.17
286616 203.0 198.0 0.08
292896 212.0 209.0 0.13
298976 221.0 218.0 0.09
305052 230.0 227.0 0.05
310484 239.0 235.0 0.19
316556 248.0 245.0 0.10
322512 258.0 254.0 0.14
328720 268.0 263.0 0.09
334932 278.0 273.0 0.19
340928 288.0 282.0 0.28
347144 299.0 292.0 0.22
353492 310.0 302.0 0.42
359528 320.0 313.0 0.29
365764 332.0 324.0 0.33
371652 343.0 336.0 0.24
377896 354.0 349.0 0.25
383932 366.0 361.0 0.12
390184 378.0 374.0 0.17
396208 390.0 386.0 0.14
402460 402.0 398.0 0.05
408484 414.0 411.0 0.05
414728 427.0 423.0 0.10
420976 440.0 436.0 0.14
426996 453.0 448.0 0.19
433236 466.0 461.0 0.23
438388 477.0 470.0 0.38
444648 491.0 484.0 0.23
450688 504.0 497.0 0.28
456916 519.0 510.0 0.37
462796 532.0 525.0 0.19
469028 547.0 539.0 0.29
475040 561.0 554.0 0.25
481424 576.0 570.0 0.32
487328 590.0 585.0 0.17
493568 606.0 601.0 0.23
499660 621.0 617.0 0.15
505916 637.0 633.0 0.15
511964 652.0 648.0 0.15
518220 668.0 663.0 0.10
524396 684.0 678.0 0.39
530672 700.0 694.0 0.24
536728 716.0 710.0 0.19
542636 733.0 725.0 0.28
548892 750.0 742.0 0.33
554948 766.0 758.0 0.29
561220 784.0 776.0 0.20
566404 798.0 790.0 0.46
572324 815.0 809.0 0.26
578616 833.0 827.0 0.22
584684 851.0 846.0 0.28
590760 869.0 864.0 0.10
597040 887.0 882.0 0.19
603332 906.0 901.0 0.20
609436 924.0 919.0 0.35
615696 943.0 938.0 0.20
621508 960.0 957.0 0.17
627748 979.0 976.0 0.17
634020 998.0 994.0 0.22
639976 1016.0 1012.0 0.12
646316 1035.0 1030.0 0.17
652620 1053.0 1049.0 0.24
658640 1071.0 1066.0 0.27
664520 1089.0 1085.0 0.26
670828 1108.0 1103.0 0.23
676852 1126.0 1122.0 0.28
683188 1146.0 1141.0 0.19
689064 1163.0 1159.0 0.10
694456 1179.0 1176.0 0.26
700324 1197.0 1194.0 0.16
706632 1216.0 1214.0 0.16
712676 1234.0 1232.0 0.02
719016 1253.0 1251.0 0.12
724892 1271.0 1269.0 0.12
731220 1290.0 1288.0 0.08
737232 1308.0 1306.0 0.12
743540 1327.0 1324.0 0.13
749568 1345.0 1342.0 0.22
755884 1364.0 1360.0 0.17
762192 1382.0 1378.0 0.21
768192 1400.0 1396.0 0.21
774048 1418.0 1414.0 0.22
780476 1437.0 1432.0 0.41
786320 1455.0 1450.0 0.17
792616 1474.0 1470.0 0.27
798612 1492.0 1488.0 0.18
804912 1511.0 1507.0 0.23
810908 1529.0 1526.0 0.10
817208 1548.0 1546.0 0.20
822596 1563.0 1562.0 0.18
828600 1581.0 1580.0 0.11
834880 1600.0 1599.0 0.12
840832 1618.0 1618.0 0.03
847136 1637.0 1636.0 0.12
853108 1655.0 1654.0 0.12
859404 1674.0 1672.0 0.16
865384 1692.0 1689.0 0.30
871680 1711.0 1707.0 0.29
877656 1728.0 1725.0 0.20
883944 1747.0 1743.0 0.30
889788 1765.0 1762.0 0.25
896092 1784.0 1780.0 0.25
902088 1802.0 1798.0 0.20
908532 1821.0 1818.0 0.32
914544 1839.0 1836.0 0.22
920856 1858.0 1856.0 0.18
926864 1876.0 1874.0 0.23
933180 1895.0 1894.0 0.14
939172 1913.0 1913.0 0.05
945452 1932.0 1931.0 0.14
950520 1947.0 1946.0 0.29
956368 1965.0 1965.0 0.19
962664 1984.0 1983.0 0.14
968660 2002.0 2001.0 0.18
974968 2021.0 2020.0 0.09
980952 2039.0 2038.0 0.18
987248 2058.0 2056.0 0.19
993396 2076.0 2074.0 0.39
999680 2095.0 2093.0 0.19
1005680 2113.0 2111.0 0.19
1012036 2132.0 2130.0 0.24
1018080 2150.0 2149.0 0.10
1024120 2168.0 2167.0 0.15
1030464 2187.0 2186.0 0.10
1036508 2205.0 2204.0 0.25
1042540 2223.0 2222.0 0.15
1048884 2242.0 2241.0 0.10
1054924 2260.0 2258.0 0.25
1060968 2278.0 2276.0 0.20
1067316 2297.0 2295.0 0.25
1073352 2316.0 2313.0 0.24
1078488 2331.0 2329.0 0.30
1084528 2349.0 2346.0 0.29
1090876 2368.0 2366.0 0.15
1096928 2386.0 2385.0 0.12
1102980 2404.0 2403.0 0.17
1108892 2423.0 2422.0 0.21
1115260 2442.0 2441.0 0.17
1121600 2460.0 2460.0 0.19
1127576 2478.0 2478.0 0.13
1133884 2497.0 2498.0 -0.01
1139916 2515.0 2515.0 0.18
1145776 2533.0 2533.0 0.13
1152120 2552.0 2551.0 0.17
1158464 2571.0 2570.0 0.07
1164504 2589.0 2586.0 0.38
1170548 2607.0 2605.0 0.16
1176896 2626.0 2623.0 0.25
1182940 2644.0 2642.0 0.22
1188988 2662.0 2660.0 0.22
1195332 2682.0 2679.0 0.21
1201372 2700.0 2698.0 0.22
1206504 2715.0 2714.0 0.28
1212572 2733.0 2732.0 0.18
1218464 2751.0 2750.0 0.09
1224740 2770.0 2770.0 0.14
1230748 2788.0 2788.0 0.09
1237028 2807.0 2807.0 0.14
1243064 2825.0 2826.0 0.14
1249472 2844.0 2844.0 0.29
1255332 2862.0 2862.0 0.14
1261616 2881.0 2881.0 0.14
1267612 2899.0 2898.0 0.18
1273944 2918.0 2917.0 0.18
1279992 2936.0 2934.0 0.18
1286036 2954.0 2953.0 0.22
1292512 2973.0 2971.0 0.38
1298556 2991.0 2990.0 0.14
1304896 3010.0 3009.0 0.14
1310936 3028.0 3026.0 0.28
1316976 3046.0 3045.0 0.19
1323320 3065.0 3064.0 0.19
1329360 3084.0 3082.0 0.28
1334484 3099.0 3098.0 0.29
1340508 3117.0 3117.0 0.10
1346800 3136.0 3136.0 0.15
1352648 3154.0 3154.0 0.15
1358956 3173.0 3173.0 0.15
1365256 3191.0 3191.0 0.20
1371216 3209.0 3209.0 0.15
1377504 3228.0 3227.0 0.33
1383516 3246.0 3245.0 0.19
1389864 3265.0 3264.0 0.19
1395888 3283.0 3282.0 0.19
1401788 3301.0 3300.0 0.19
1408112 3320.0 3318.0 0.28
1414440 3339.0 3337.0 0.24
1420484 3357.0 3355.0 0.37
1426376 3375.0 3374.0 0.20
1432720 3394.0 3393.0 0.20
1439060 3413.0 3412.0 0.15
1445084 3431.0 3430.0 0.25
1451084 3449.0 3449.0 0.11
1457356 3468.0 3468.0 0.16
1462420 3483.0 3483.0 0.31
1468712 3502.0 3502.0 0.11
1474716 3520.0 3521.0 0.07
1481008 3539.0 3539.0 0.16
1486988 3556.0 3557.0 0.12
1493276 3575.0 3576.0 0.07
1499284 3593.0 3593.0 0.16
1505580 3612.0 3612.0 0.23
1511588 3630.0 3629.0 0.20
1517484 3648.0 3647.0 0.20
1523804 3667.0 3666.0 0.29
1530148 3686.0 3684.0 0.24
1536184 3704.0 3702.0 0.29
1542084 3722.0 3721.0 0.20
1548540 3741.0 3741.0 0.27
1554564 3759.0 3758.0 0.26
1560840 3778.0 3778.0 0.12
1566876 3796.0 3797.0 0.08
1573192 3815.0 3816.0 0.07
1579248 3833.0 3834.0 0.17
1585288 3851.0 3852.0 0.12
1590368 3867.0 3867.0 0.31
1596660 3885.0 3886.0 0.12
1602504 3903.0 3903.0 0.16
1608792 3922.0 3922.0 0.25
1614816 3940.0 3939.0 0.11
1621140 3959.0 3958.0 0.25
1627044 3977.0 3976.0 0.20
1633524 3996.0 3995.0 0.36
1639536 4014.0 4014.0 0.12
1645840 4033.0 4033.0 0.12
1651812 4051.0 4051.0 0.17
1658088 4070.0 4070.0 0.17
1663948 4088.0 4088.0 0.17
1670240 4107.0 4107.0 0.17
1676596 4125.0 4126.0 0.22
1682628 4143.0 4144.0 0.12
1688488 4161.0 4162.0 0.16
1694820 4180.0 4181.0 0.12
1701108 4199.0 4198.0 0.25
1707100 4217.0 4217.0 0.11
1713412 4236.0 4235.0 0.25
1718536 4251.0 4250.0 0.31
1724580 4269.0 4268.0 0.21
1730472 4287.0 4286.0 0.21
1736824 4306.0 4305.0 0.21
1743160 4325.0 4323.0 0.25
1749188 4343.0 4342.0 0.21
