result_0p0800_0p2000_0p0002_3000_5000_3 = [
-195564 0.0 0.0 0.00
-189420 0.0 0.0 0.00
-183288 0.0 0.0 0.00
-177172 0.0 0.0 0.00
-171060 0.0 0.0 0.00
-164856 0.0 0.0 0.00
-158756 0.0 0.0 0.00
-152560 0.0 0.0 0.00
-146460 0.0 0.0 0.00
-140264 0.0 0.0 0.00
-134160 0.0 0.0 0.00
-128048 0.0 0.0 0.00
-121836 0.0 0.0 0.00
-115724 0.0 0.0 0.00
-109612 0.0 0.0 0.00
-103400 0.0 0.0 0.00
-97288 0.0 0.0 0.00
-91132 0.0 0.0 0.00
-84976 0.0 0.0 0.00
-78816 0.0 0.0 0.00
-73636 0.0 0.0 0.00
-67484 0.0 0.0 0.00
-61344 0.0 0.0 0.00
-55208 0.0 0.0 0.00
-49072 0.0 0.0 0.00
-43012 0.0 0.0 0.00
-36876 0.0 0.0 0.00
-30740 0.0 0.0 0.00
-24604 0.0 0.0 0.00
-18468 0.0 0.0 0.00
-12328 0.0 0.0 0.00
-6192 0.0 0.0 0.00
-12 0.0 0.0 0.00
6232 0.0 0.0 0.00
12404 0.0 0.0 0.00
18544 0.0 0.0 0.00
24788 1.0 0.0 0.08
30836 2.0 0.0 0.16
37084 3.0 0.0 0.25
43120 4.0 0.0 0.33
49240 5.0 1.0 0.33
54488 7.0 1.0 0.50
60632 8.0 3.0 0.33
66764 10.0 5.0 0.33
72868 12.0 9.0 0.08
78836 15.0 12.0 0.18
84968 17.0 16.0 0.10
91224 20.0 20.0 -0.06
97528 23.0 23.0 -0.06
103556 26.0 26.0 -0.06
109528 29.0 29.0 -0.06
115664 32.0 31.0 0.20
121996 36.0 33.0 0.11
128096 40.0 36.0 0.27
134192 44.0 38.0 0.36
140480 48.0 42.0 0.45
146644 52.0 46.0 0.45
152804 57.0 51.0 0.46
158980 62.0 57.0 0.29
164812 66.0 63.0 0.03
170964 72.0 70.0 0.05
177240 77.0 76.0 -0.03
182244 81.0 81.0 0.08
188460 87.0 87.0 -0.10
194516 93.0 92.0 0.08
200732 99.0 98.0 -0.02
206884 105.0 103.0 0.06
213120 112.0 108.0 0.22
219148 118.0 113.0 0.31
225524 125.0 119.0 0.50
231408 132.0 126.0 0.48
237632 139.0 133.0 0.41
243656 147.0 141.0 0.24
249896 154.0 150.0 0.17
256020 162.0 159.0 0.09
262280 170.0 168.0 0.09
268524 178.0 177.0 0.04
274664 186.0 185.0 -0.06
280744 195.0 193.0 0.02
286672 203.0 201.0 0.20
292932 212.0 209.0 0.29
298988 221.0 217.0 0.37
305256 231.0 225.0 0.28
310480 239.0 233.0 0.40
316404 248.0 242.0 0.45
322488 258.0 251.0 0.38
328696 268.0 262.0 0.21
334924 278.0 274.0 0.13
340948 288.0 285.0 0.14
347240 299.0 296.0 0.16
353440 310.0 307.0 0.27
359608 320.0 318.0 0.09
365556 331.0 329.0 0.17
371792 343.0 339.0 0.07
378000 355.0 350.0 0.16
384012 366.0 361.0 0.25
390228 378.0 372.0 0.33
396248 390.0 383.0 0.34
402484 402.0 395.0 0.43
408508 414.0 408.0 0.44
414756 427.0 421.0 0.37
421004 440.0 435.0 0.29
427052 453.0 449.0 0.12
433128 466.0 463.0 0.14
438516 477.0 474.0 0.28
444572 491.0 488.0 0.15
450760 505.0 502.0 0.15
456988 519.0 515.0 0.14
462992 532.0 528.0 0.24
469204 547.0 541.0 0.41
475424 562.0 555.0 0.40
481424 576.0 569.0 0.64
487648 591.0 584.0 0.41
493524 606.0 599.0 0.42
499764 621.0 615.0 0.43
505816 636.0 631.0 0.17
512096 652.0 648.0 0.18
518172 668.0 665.0 0.02
524268 684.0 681.0 0.13
530576 700.0 698.0 -0.05
536672 716.0 714.0 0.14
542764 733.0 729.0 0.22
548812 749.0 744.0 0.30
555080 767.0 760.0 0.39
561136 783.0 776.0 0.48
566528 798.0 790.0 0.67
572572 815.0 807.0 0.48
578504 833.0 825.0 0.49
584788 851.0 843.0 0.50
590864 869.0 862.0 0.43
596944 887.0 882.0 0.35
603244 906.0 901.0 0.20
609252 924.0 921.0 0.12
615548 942.0 940.0 -0.05
621540 960.0 958.0 0.05
627816 979.0 978.0 0.15
633784 997.0 995.0 0.05
640048 1016.0 1014.0 0.06
646092 1034.0 1031.0 0.14
652568 1053.0 1050.0 0.44
658604 1071.0 1067.0 0.33
664920 1090.0 1086.0 0.23
670928 1108.0 1103.0 0.32
676804 1126.0 1121.0 0.32
683120 1145.0 1139.0 0.23
689120 1163.0 1158.0 0.42
694504 1179.0 1174.0 0.55
700388 1197.0 1193.0 0.27
706704 1216.0 1213.0 0.09
712744 1234.0 1233.0 0.12
718800 1252.0 1252.0 0.04
725108 1271.0 1271.0 -0.04
731128 1289.0 1290.0 -0.04
737236 1307.0 1308.0 -0.12
743552 1326.0 1326.0 0.06
749556 1344.0 1343.0 0.04
755876 1363.0 1361.0 0.22
761896 1381.0 1378.0 0.30
768192 1400.0 1396.0 0.29
774476 1419.0 1414.0 0.37
780448 1437.0 1431.0 0.66
786736 1456.0 1450.0 0.47
792732 1474.0 1469.0 0.30
799040 1493.0 1489.0 0.22
805052 1511.0 1508.0 0.25
811376 1530.0 1529.0 -0.11
817404 1548.0 1548.0 0.01
822436 1563.0 1563.0 0.31
828368 1581.0 1582.0 -0.17
834756 1600.0 1601.0 -0.07
841028 1619.0 1619.0 0.01
847060 1637.0 1636.0 0.09
853356 1655.0 1654.0 -0.01
859348 1673.0 1670.0 0.35
865620 1692.0 1688.0 0.60
871592 1710.0 1705.0 0.42
877880 1729.0 1724.0 0.43
883868 1747.0 1742.0 0.43
890152 1766.0 1761.0 0.44
896148 1784.0 1780.0 0.36
902456 1803.0 1800.0 0.29
908472 1821.0 1819.0 0.41
914804 1840.0 1839.0 0.03
920900 1858.0 1859.0 -0.03
927044 1876.0 1878.0 -0.21
933192 1895.0 1896.0 -0.03
939312 1913.0 1914.0 -0.03
945332 1931.0 1931.0 0.15
950260 1947.0 1946.0 -0.05
956556 1965.0 1963.0 0.13
962532 1983.0 1981.0 0.29
968820 2002.0 1998.0 0.48
974800 2020.0 2016.0 0.28
981092 2039.0 2035.0 0.57
987108 2057.0 2053.0 0.29
993524 2076.0 2073.0 0.52
999376 2094.0 2091.0 0.32
1005680 2113.0 2111.0 0.24
1011748 2131.0 2131.0 0.16
1017832 2149.0 2150.0 -0.10
1023956 2168.0 2169.0 -0.08
1030084 2186.0 2187.0 -0.00
1036604 2205.0 2206.0 0.30
1042676 2223.0 2224.0 -0.00
1048748 2242.0 2241.0 0.26
1055100 2261.0 2259.0 0.24
1061124 2279.0 2276.0 0.42
1067148 2297.0 2293.0 0.40
1073488 2316.0 2312.0 0.41
1078608 2331.0 2327.0 0.71
1084656 2349.0 2345.0 0.42
1090708 2368.0 2364.0 0.42
1097068 2387.0 2385.0 0.07
1103120 2405.0 2404.0 0.19
1109152 2423.0 2423.0 0.11
1115316 2441.0 2443.0 -0.05
1121440 2460.0 2462.0 0.08
1127388 2478.0 2480.0 -0.26
1133792 2497.0 2498.0 0.12
1140088 2516.0 2515.0 0.18
1146124 2534.0 2533.0 0.18
1152152 2552.0 2549.0 0.45
1158504 2571.0 2567.0 0.53
1164528 2589.0 2585.0 0.64
1170572 2607.0 2603.0 0.44
1176912 2626.0 2622.0 0.45
1182976 2644.0 2641.0 0.37
1189028 2662.0 2661.0 0.11
1194952 2681.0 2680.0 0.11
1201280 2700.0 2700.0 0.13
1206448 2715.0 2716.0 0.45
1212580 2733.0 2735.0 -0.03
1218748 2752.0 2754.0 -0.03
1224916 2770.0 2773.0 -0.22
1231028 2788.0 2790.0 0.06
1236936 2807.0 2807.0 0.04
1243256 2826.0 2825.0 0.22
1249428 2844.0 2842.0 0.58
1255764 2863.0 2859.0 0.55
1261804 2881.0 2877.0 0.45
1267844 2899.0 2896.0 0.38
1274200 2918.0 2916.0 0.30
1280252 2936.0 2935.0 0.22
1286260 2954.0 2954.0 0.14
1292568 2973.0 2974.0 0.19
1298620 2991.0 2992.0 0.06
1304580 3010.0 3011.0 -0.12
1310664 3028.0 3029.0 0.06
1317040 3047.0 3047.0 0.05
1323300 3065.0 3065.0 0.13
1329144 3083.0 3082.0 0.13
1334552 3099.0 3097.0 0.56
1340576 3117.0 3115.0 0.30
1346904 3136.0 3133.0 0.38
1352928 3154.0 3151.0 0.39
1358824 3172.0 3170.0 0.39
1365156 3191.0 3189.0 0.31
1371072 3209.0 3208.0 0.13
1377540 3228.0 3227.0 0.64
1383624 3246.0 3247.0 0.07
1389508 3264.0 3266.0 0.15
1395916 3284.0 3286.0 -0.01
1402080 3302.0 3304.0 -0.01
1408228 3320.0 3322.0 0.09
1414376 3339.0 3340.0 0.06
1420256 3357.0 3358.0 0.06
1426532 3375.0 3375.0 0.24
1432532 3393.0 3392.0 0.22
1438864 3412.0 3410.0 0.40
1445184 3431.0 3428.0 0.39
1451200 3449.0 3446.0 0.39
1457092 3467.0 3464.0 0.39
1462512 3483.0 3480.0 0.60
1468404 3501.0 3499.0 0.22
1474752 3520.0 3519.0 0.24
1480644 3538.0 3538.0 0.06
1487024 3557.0 3558.0 0.08
1492932 3575.0 3577.0 0.08
1499332 3594.0 3596.0 -0.00
1505472 3612.0 3614.0 0.20
1511572 3630.0 3632.0 -0.01
1517528 3648.0 3650.0 0.07
1523888 3667.0 3668.0 0.07
1530176 3686.0 3685.0 0.23
1536200 3704.0 3702.0 0.41
1542084 3722.0 3719.0 0.39
1548540 3741.0 3737.0 0.78
1554576 3759.0 3755.0 0.49
1560916 3778.0 3775.0 0.41
1566944 3796.0 3794.0 0.33
1572856 3814.0 3813.0 0.25
1579160 3833.0 3833.0 0.17
1585104 3851.0 3852.0 -0.11
1590592 3867.0 3869.0 0.21
1596660 3885.0 3887.0 0.01
1602716 3904.0 3906.0 -0.09
1608684 3922.0 3924.0 -0.09
1615052 3941.0 3942.0 0.08
1621304 3959.0 3959.0 0.16
1627280 3977.0 3976.0 0.34
1633608 3996.0 3994.0 0.59
1639636 4014.0 4011.0 0.51
1645524 4032.0 4029.0 0.41
1651852 4051.0 4048.0 0.42
1657880 4069.0 4066.0 0.42
1663948 4088.0 4085.0 0.24
1670292 4107.0 4105.0 0.34
1676236 4124.0 4124.0 -0.02
1682552 4143.0 4144.0 0.00
1688576 4162.0 4162.0 0.00
1694952 4181.0 4182.0 0.10
1701036 4198.0 4199.0 0.20
1707312 4217.0 4218.0 0.10
1713300 4235.0 4235.0 0.28
1718236 4251.0 4250.0 0.08
1724556 4269.0 4268.0 0.26
1730612 4288.0 4286.0 0.26
1736648 4306.0 4304.0 0.25
